-6.271186440677960217e-02,nan,2.288135593220343850e-02,nan,nan,nan,1.101694915254243165e-02,1.694915254237294722e-02,nan,1.779661016949156752e-02,nan,3.389830508474655970e-03,nan,nan,-5.932203389830493015e-03,1.694915254237305867e-03,0.000000000000000000e+00,nan,7.627118644067865452e-03,nan,nan,nan,nan,nan,5.932203389830581486e-03,nan,-4.999999999999997502e-02,nan,-4.067796610169484989e-02,1.610169491525430610e-02,nan,nan,nan,-1.525423728813555223e-02,nan,nan,nan,nan,nan,nan,nan,nan,-2.881355932203382222e-02,0.000000000000000000e+00,nan,0.000000000000000000e+00,nan,-3.050847457627110446e-02,nan,nan,nan,nan,-8.474576271186196486e-04,-1.864406779661011843e-02,-1.101694915254232063e-02,-4.406779661016946292e-02,9.322033898305170235e-03,nan,nan,-3.813559322033892307e-02,nan
-3.414634146341462284e-02,nan,-2.195121951219514145e-02,nan,nan,nan,-3.252032520325221030e-03,-4.065040650406493219e-03,nan,0.000000000000000000e+00,nan,-8.130081300813163164e-04,nan,nan,-5.691056910569125202e-03,-4.065040650406514904e-03,0.000000000000000000e+00,nan,-8.130081300812940902e-04,nan,nan,-1.138211382113820704e-02,nan,nan,-1.300813008130083902e-02,-4.715447154471545665e-02,-6.504065040650397825e-03,nan,-1.869918699186996422e-02,-6.504065040650419509e-03,nan,nan,nan,-4.878048780487809211e-03,nan,nan,nan,-2.845528455284551672e-02,nan,nan,nan,nan,nan,0.000000000000000000e+00,-6.016260162601625577e-02,0.000000000000000000e+00,nan,-1.626016260162603880e-02,nan,nan,nan,nan,1.626016260162588180e-03,-6.504065040650419509e-03,nan,-1.544715447154474362e-02,-2.195121951219514145e-02,nan,nan,-2.195121951219514145e-02,nan
-3.591836734693878291e-02,nan,nan,nan,nan,nan,2.040816326530605490e-02,8.979591836734645421e-03,nan,nan,nan,-7.346938775510247939e-03,nan,nan,5.714285714285671780e-03,-2.448979591836764058e-03,0.000000000000000000e+00,nan,-9.795918367346945210e-03,4.081632653061184959e-03,nan,nan,-8.163265306122769122e-04,nan,-3.020408163265309032e-02,nan,-2.857142857142860176e-02,nan,-4.326530612244903345e-02,5.714285714285694331e-03,-8.979591836734735627e-03,nan,nan,nan,nan,nan,nan,nan,nan,nan,nan,nan,nan,0.000000000000000000e+00,-3.673469387755105842e-02,0.000000000000000000e+00,nan,-1.224489795918370927e-02,nan,nan,nan,nan,-1.551020408163268291e-02,-9.795918367346990313e-03,3.265306122448951957e-03,-4.816326530612251300e-02,5.714285714285671780e-03,nan,nan,-1.551020408163268291e-02,nan
3.937007874015741038e-03,nan,-8.661417322834629937e-03,nan,3.149606299212592744e-03,nan,-7.086614173228334215e-03,-1.102362204724407525e-02,nan,-1.338582677165351884e-02,nan,nan,nan,nan,3.149606299212592744e-03,-2.362204724409444449e-03,0.000000000000000000e+00,nan,7.874015748031481859e-04,nan,nan,nan,-4.724409448818888899e-03,nan,-8.661417322834629937e-03,7.874015748031481859e-04,-1.023622047244092739e-02,nan,-5.511811023622037627e-03,-7.874015748031481859e-04,nan,nan,nan,nan,nan,nan,nan,nan,nan,nan,nan,nan,3.149606299212592744e-03,0.000000000000000000e+00,-9.448818897637777797e-03,0.000000000000000000e+00,nan,-6.299212598425185487e-03,nan,nan,nan,nan,-1.574803149606296415e-02,-7.086614173228334215e-03,-1.653543307086611375e-02,-2.362204724409444449e-03,-1.338582677165351884e-02,nan,nan,-2.362204724409444449e-03,nan
nan,nan,2.938775510204076971e-02,nan,-4.081632653061273430e-03,nan,nan,1.714285714285710555e-02,nan,1.469387755102036230e-02,nan,nan,nan,nan,3.265306122448929840e-03,-1.714285714285721657e-02,0.000000000000000000e+00,-6.530612244897993253e-03,nan,nan,nan,-4.081632653061295982e-03,-4.081632653061273430e-03,nan,-3.183673469387757887e-02,nan,4.081632653061184959e-03,nan,nan,2.612244897959179607e-02,nan,4.897959183673417094e-03,nan,nan,nan,nan,nan,nan,nan,nan,nan,nan,nan,0.000000000000000000e+00,-1.959183673469391124e-02,0.000000000000000000e+00,nan,nan,nan,nan,nan,nan,-3.918367346938780166e-02,-4.440892098500626408e-17,-3.265306122449040862e-03,-1.632653061224493760e-02,-8.163265306122501758e-03,nan,nan,-2.530612244897962812e-02,nan
-3.360655737704920654e-02,nan,1.254098360655737099e-01,nan,3.278688524590160636e-02,nan,nan,1.311475409836065364e-01,nan,nan,nan,nan,nan,nan,-4.754098360655738265e-02,-2.049180327868853693e-02,0.000000000000000000e+00,nan,7.622950819672129341e-02,nan,nan,nan,nan,nan,-8.770491803278693266e-02,nan,-3.524590163934430975e-02,nan,-8.032786885245901676e-02,1.532786885245901176e-01,1.499999999999999667e-01,nan,nan,-5.655737704918038095e-02,nan,nan,1.540983606557376762e-01,nan,nan,nan,nan,nan,nan,0.000000000000000000e+00,6.557377049180290567e-03,0.000000000000000000e+00,nan,-5.081967213114757520e-02,nan,nan,nan,nan,1.327868852459016258e-01,-5.409836065573774000e-02,nan,-7.295081967213119800e-02,1.393442622950819276e-01,nan,nan,1.155737704918032432e-01,nan
-1.705426356589150386e-02,nan,-7.751937984496138018e-04,nan,nan,nan,6.201550387596910414e-03,6.976744186046523674e-03,nan,nan,nan,7.751937984496138018e-04,nan,nan,-3.875968992248068901e-03,1.550387596899227604e-03,0.000000000000000000e+00,nan,2.325581395348841514e-03,nan,nan,nan,nan,nan,-1.085271317829459257e-02,-5.426356589147296287e-03,-1.085271317829459257e-02,nan,-6.744186046511628507e-02,8.527131782945751928e-03,-2.325581395348841514e-03,-4.031007751937980277e-02,nan,-2.325581395348841514e-03,nan,nan,6.976744186046523674e-03,1.550387596899227604e-03,nan,nan,nan,nan,nan,0.000000000000000000e+00,-1.162790697674420670e-02,0.000000000000000000e+00,nan,nan,nan,nan,nan,nan,-1.627906976744188799e-02,-3.875968992248068901e-03,nan,-4.883720930232555990e-02,1.550387596899227604e-03,nan,nan,-3.100775193798455207e-03,nan
nan,nan,2.639999999999991312e-02,nan,nan,nan,7.999999999999918635e-03,2.239999999999990957e-02,nan,1.599999999999992401e-02,nan,-1.600000000000023712e-03,nan,nan,-1.600000000000045830e-03,3.999999999999915082e-03,0.000000000000000000e+00,nan,5.599999999999938360e-03,nan,nan,nan,-1.760000000000001494e-02,nan,-2.480000000000004423e-02,-4.720000000000004053e-02,-1.840000000000001704e-02,nan,-2.080000000000001986e-02,2.799999999999993466e-02,2.239999999999990957e-02,nan,nan,nan,nan,nan,nan,nan,nan,nan,nan,nan,-2.960000000000002560e-02,0.000000000000000000e+00,-4.480000000000004118e-02,0.000000000000000000e+00,nan,-1.120000000000001029e-02,nan,nan,nan,nan,1.919999999999992893e-02,1.279999999999992255e-02,1.519999999999992538e-02,-2.480000000000002341e-02,-9.600000000000007833e-03,nan,nan,3.999999999999915082e-03,nan
nan,nan,2.595419847328241797e-02,nan,nan,nan,nan,8.396946564885455003e-03,nan,nan,nan,3.053435114503777296e-03,nan,nan,-2.290076335877899542e-03,-6.870229007633632708e-03,0.000000000000000000e+00,nan,4.580152671755688062e-03,nan,nan,nan,nan,nan,-3.206106870229010614e-02,-4.656488549618324757e-02,-3.511450381679392940e-02,nan,-6.412213740458019839e-02,2.137404580152666572e-02,6.870229007633543369e-03,nan,nan,-4.045801526717560798e-02,nan,nan,3.053435114503777296e-03,nan,nan,nan,nan,nan,nan,0.000000000000000000e+00,-5.496183206106872859e-02,0.000000000000000000e+00,nan,-6.412213740458017064e-02,nan,nan,nan,nan,-1.450381679389316572e-02,-1.145038167938936501e-02,-3.587786259541987655e-02,-4.580152671755730737e-02,-6.870229007633632708e-03,nan,nan,-2.137404580152675246e-02,nan
-2.528735632183909399e-02,nan,1.839080459770112835e-02,nan,nan,nan,2.452107279693484937e-02,1.455938697318006660e-02,nan,2.988505747126433271e-02,nan,4.597701149425259537e-03,1.072796934865898402e-02,nan,1.379310344827584453e-02,nan,0.000000000000000000e+00,nan,nan,nan,nan,2.298850574712641044e-03,-6.130268199233701934e-03,nan,-4.061302681992338265e-02,nan,-1.379310344827584453e-02,nan,nan,1.149425287356320435e-02,nan,nan,nan,nan,nan,nan,nan,3.295019157088123485e-02,nan,nan,nan,nan,nan,0.000000000000000000e+00,-2.375478927203062904e-02,0.000000000000000000e+00,nan,-3.831417624521060890e-03,nan,nan,nan,nan,6.896551724137922265e-03,-3.831417624521060890e-03,nan,-1.992337164750958983e-02,1.455938697318006660e-02,nan,nan,3.831417624521060890e-03,nan
-8.560311284046707297e-03,nan,-2.178988326848252388e-02,nan,nan,nan,-1.167315175097276628e-02,-8.560311284046684746e-03,nan,-6.225680933852117960e-03,nan,-5.447470817120603215e-03,nan,nan,-7.782101167315147450e-03,-7.782101167315147450e-04,0.000000000000000000e+00,nan,-1.322957198443579577e-02,nan,nan,nan,-1.322957198443581658e-02,nan,-3.813229571984433353e-02,-2.645914396887161235e-02,-1.556420233463034000e-02,nan,-3.735408560311281878e-02,-1.245136186770430184e-02,nan,nan,nan,nan,nan,nan,nan,nan,nan,nan,nan,nan,nan,0.000000000000000000e+00,-2.101167315175098832e-02,0.000000000000000000e+00,nan,-1.945525291828795883e-02,nan,nan,nan,nan,-3.346303501945524506e-02,-1.556420233463036082e-02,-3.346303501945524506e-02,-2.957198443579767133e-02,-2.412451361867704730e-02,nan,nan,-2.178988326848252388e-02,nan
-7.905138339921347502e-04,nan,-3.162055335968450096e-03,nan,4.743083003952519236e-03,nan,nan,-6.324110671936810854e-03,nan,-1.739130434782611839e-02,nan,nan,nan,nan,3.162055335968339074e-03,-3.162055335968450096e-03,0.000000000000000000e+00,nan,3.162055335968361192e-03,nan,nan,nan,4.743083003952519236e-03,nan,-1.581027667984191698e-02,nan,-1.185770750988148804e-02,nan,-1.098814229249012453e-01,-1.027667984189730745e-02,-1.264822134387357834e-02,-1.209486166007905511e-01,nan,nan,nan,nan,nan,nan,nan,nan,nan,nan,nan,0.000000000000000000e+00,-2.292490118577077476e-02,0.000000000000000000e+00,nan,nan,nan,nan,nan,nan,1.501976284584976076e-02,1.185770750988135447e-02,nan,-1.304347826086956763e-01,-2.213438735177868447e-02,nan,nan,-2.134387351778659417e-02,nan
-5.506072874493921077e-02,nan,2.186234817813768189e-02,nan,nan,nan,5.668016194332037121e-03,9.716599190283448095e-03,nan,2.267206477732797154e-02,nan,-8.097165991902466114e-04,nan,nan,1.214574898785429971e-02,5.668016194332037121e-03,0.000000000000000000e+00,nan,nan,nan,nan,nan,-4.210526315789468732e-02,nan,-2.267206477732790562e-02,nan,-4.210526315789468732e-02,nan,-4.291497975708495616e-02,1.052631578947373948e-02,1.943319838056683027e-02,nan,nan,nan,nan,nan,nan,nan,nan,nan,nan,nan,nan,0.000000000000000000e+00,-7.206477732793517554e-02,0.000000000000000000e+00,nan,-4.129554655870439767e-02,nan,nan,nan,nan,4.858299595141746599e-03,-1.781376518218615729e-02,-3.319838056680157745e-02,-5.506072874493923852e-02,-1.538461538461535251e-02,nan,nan,6.661338147750938996e-17,nan
-1.068702290076335368e-02,nan,-7.633587786259443241e-04,nan,nan,nan,1.679389312977102103e-02,1.832061068702288756e-02,nan,1.145038167938932164e-02,nan,5.343511450381699390e-03,nan,nan,3.053435114503844083e-03,-9.160305343511443779e-03,0.000000000000000000e+00,nan,-4.580152671755733165e-03,nan,nan,nan,-1.374045801526717694e-02,nan,-9.160305343511421228e-03,nan,-1.984732824427482001e-02,nan,-9.923664122137387453e-03,-7.633587786258999803e-04,-7.633587786259532146e-03,nan,nan,nan,nan,nan,nan,nan,nan,nan,nan,nan,nan,0.000000000000000000e+00,-8.396946564885477554e-03,0.000000000000000000e+00,nan,-1.526717557251908684e-02,nan,nan,nan,nan,-6.870229007633588472e-03,9.923664122137387453e-03,7.633587786259665503e-04,-1.297709923664123154e-02,-4.580152671755710614e-03,nan,nan,-2.442748091603053062e-02,nan
nan,nan,1.544715447154470025e-02,nan,nan,nan,-8.130081300812940902e-04,1.219512195121950048e-02,nan,1.707317073170728713e-02,nan,-3.252032520325221030e-03,nan,nan,2.439024390243904605e-03,8.130081300812963888e-03,0.000000000000000000e+00,nan,-8.130081300813163164e-04,nan,nan,nan,-1.382113821138215501e-02,nan,-4.065040650406493219e-03,-1.951219512195121603e-02,-4.878048780487809211e-03,nan,nan,1.544715447154467770e-02,4.878048780487764975e-03,-5.691056910569103518e-03,nan,nan,nan,nan,nan,-3.252032520325198912e-03,nan,nan,nan,nan,-9.756097560975640973e-03,0.000000000000000000e+00,nan,0.000000000000000000e+00,nan,nan,nan,nan,nan,nan,3.252032520325176361e-03,-8.130081300813163164e-04,nan,-2.439024390243926723e-03,-2.439024390243904605e-03,nan,nan,-6.504065040650419509e-03,nan
-1.940928270042199116e-02,nan,1.434599156118141448e-02,nan,nan,nan,-1.097046413502111850e-02,1.772151898734175557e-02,nan,2.109704641350209492e-02,nan,4.219409282700392963e-03,nan,nan,-3.375527426160385321e-03,5.907172995780562638e-03,0.000000000000000000e+00,nan,5.907172995780562638e-03,nan,nan,nan,nan,nan,-1.434599156118145959e-02,nan,-2.953586497890299187e-02,nan,-2.953586497890301615e-02,5.063291139240466525e-03,9.282700421940903723e-03,nan,nan,-2.953586497890299187e-02,nan,nan,nan,nan,nan,nan,nan,nan,nan,0.000000000000000000e+00,-2.447257383966252448e-02,0.000000000000000000e+00,nan,-3.881856540084391988e-02,nan,nan,nan,nan,-1.940928270042199116e-02,-1.603375527426167263e-02,-6.751054852320725538e-03,-3.206751054852326199e-02,-5.907172995780607741e-03,nan,nan,-2.362869198312243096e-02,nan
nan,nan,1.660079051383402809e-02,nan,nan,nan,1.422924901185773638e-02,5.533596837944667474e-02,nan,5.217391304347829273e-02,nan,3.162055335968427978e-03,nan,nan,-3.715415019762842441e-02,-4.031620553359682724e-02,0.000000000000000000e+00,nan,1.185770750988146549e-02,nan,nan,nan,nan,nan,-1.264822134387348987e-02,-5.454545454545449423e-02,-1.241106719367588707e-01,nan,-1.367588932806323709e-01,nan,nan,-7.588932806324108493e-02,nan,-9.011857707509876581e-02,nan,nan,nan,nan,nan,nan,nan,nan,nan,0.000000000000000000e+00,nan,0.000000000000000000e+00,nan,nan,nan,nan,nan,nan,3.399209486166010485e-02,-4.505928853754936902e-02,nan,-1.059288537549406550e-01,-1.739130434782603166e-02,nan,nan,-2.292490118577070884e-02,nan
-1.612903225806450180e-02,nan,1.048387096774192583e-02,nan,nan,nan,nan,5.645161290322575978e-03,nan,nan,nan,3.225806451612900187e-03,nan,nan,1.612903225806450094e-03,0.000000000000000000e+00,0.000000000000000000e+00,nan,8.064516129032250468e-04,nan,nan,nan,-1.370967741935482688e-02,nan,-2.661290322580642936e-02,-4.435483870967749098e-02,8.064516129032250468e-04,nan,-6.451612903225800374e-03,1.612903225806450094e-03,-8.064516129032250468e-04,nan,nan,nan,nan,nan,-8.064516129032250468e-04,nan,nan,nan,nan,nan,nan,0.000000000000000000e+00,-4.032258064516129614e-02,0.000000000000000000e+00,nan,2.419354838709675357e-03,nan,nan,nan,nan,-8.064516129032250902e-03,-4.838709677419350715e-03,3.225806451612900187e-03,-4.032258064516125451e-03,-1.290322580645160075e-02,nan,nan,-3.790322580645166806e-02,nan
-3.488372093023250908e-02,nan,1.627906976744188799e-02,nan,0.000000000000000000e+00,nan,6.976744186046523674e-03,8.527131782945751928e-03,nan,-2.325581395348841514e-03,nan,nan,nan,nan,9.302325581395366055e-03,6.201550387596910414e-03,0.000000000000000000e+00,nan,-7.751937984496138018e-04,nan,nan,nan,nan,nan,-2.558139534883714303e-02,nan,-1.782945736434107115e-02,nan,-6.976744186046501990e-03,1.550387596899227560e-02,-1.550387596899227604e-03,nan,nan,-3.875968992248068901e-03,nan,nan,nan,nan,nan,nan,nan,nan,-3.333333333333328430e-02,0.000000000000000000e+00,-3.720930232558135320e-02,0.000000000000000000e+00,nan,-9.302325581395366055e-03,nan,nan,nan,nan,-2.015503875968987016e-02,-6.201550387596910414e-03,-1.550387596899223050e-02,-2.015503875968989098e-02,-9.302325581395343504e-03,nan,nan,-2.480620155038757574e-02,nan
nan,nan,8.619246861924685643e-02,nan,nan,nan,nan,nan,nan,nan,nan,1.673640167363998855e-03,nan,nan,2.426778242677824979e-02,5.104602510460247433e-02,0.000000000000000000e+00,nan,2.510460251045976057e-03,nan,nan,nan,nan,nan,-1.506276150627616772e-02,-3.598326359832637600e-02,-2.092050209205022909e-02,nan,-3.682008368200837684e-02,8.368200836820080535e-02,nan,-6.359832635983267424e-02,nan,-3.012552301255229034e-02,nan,nan,4.184100418410041482e-03,nan,nan,nan,nan,nan,nan,0.000000000000000000e+00,-2.343096234309627324e-02,0.000000000000000000e+00,1.841004184100414331e-02,nan,nan,nan,nan,nan,-4.184100418410085717e-03,2.510460251046020726e-03,-1.841004184100418842e-02,-5.188284518828454456e-02,-3.430962343096237432e-02,nan,nan,-3.263598326359835877e-02,nan
nan,nan,3.906250000000000000e-03,nan,nan,nan,nan,1.328124999999999965e-02,nan,2.421875000000000069e-02,nan,1.640625000000000069e-02,nan,nan,-9.374999999999999653e-03,-2.343749999999999913e-03,0.000000000000000000e+00,nan,6.250000000000000347e-03,nan,nan,nan,nan,nan,-1.171875000000000000e-02,-5.312499999999999861e-02,-5.859375000000000000e-02,nan,-9.453124999999999722e-02,7.812500000000000434e-04,1.093749999999999931e-02,nan,nan,6.250000000000000347e-03,nan,nan,nan,3.906250000000000000e-03,nan,nan,nan,nan,-7.812500000000000434e-04,0.000000000000000000e+00,nan,0.000000000000000000e+00,nan,-1.796874999999999861e-02,nan,nan,nan,nan,-6.250000000000000347e-03,-5.468749999999999653e-03,nan,-6.953125000000000278e-02,-7.812500000000000000e-03,nan,nan,-2.578124999999999861e-02,nan
nan,nan,-1.574803149606318706e-03,nan,nan,nan,-1.574803149606318706e-03,5.511811023622037627e-03,nan,5.511811023622037627e-03,nan,2.362204724409444449e-03,nan,nan,-3.149606299212592744e-03,2.362204724409444449e-03,0.000000000000000000e+00,nan,2.362204724409444449e-03,nan,nan,nan,-8.661417322834697591e-03,nan,-2.834645669291344788e-02,-1.417322834645677945e-02,-1.417322834645677945e-02,nan,-9.448818897637822900e-03,-1.574803149606296372e-03,-3.937007874015741038e-03,nan,nan,nan,nan,nan,nan,nan,nan,nan,nan,nan,nan,0.000000000000000000e+00,-1.181102362204731158e-02,0.000000000000000000e+00,nan,-6.299212598425208039e-03,nan,nan,nan,nan,-1.102362204724416372e-02,2.362204724409444449e-03,0.000000000000000000e+00,nan,-1.417322834645673435e-02,nan,nan,-1.811023622047252049e-02,nan
nan,nan,1.562500000000000000e-02,nan,7.031250000000000173e-03,nan,nan,2.265624999999999931e-02,nan,1.796874999999999861e-02,nan,nan,nan,nan,1.015625000000000035e-02,-7.812500000000000434e-04,0.000000000000000000e+00,nan,3.125000000000000173e-03,nan,nan,nan,nan,nan,-3.125000000000000173e-03,-3.984374999999999722e-02,-3.281250000000000139e-02,nan,-1.640625000000000069e-02,7.031250000000000173e-03,-3.906250000000000000e-03,nan,nan,-1.015625000000000035e-02,nan,nan,nan,nan,nan,nan,nan,nan,nan,0.000000000000000000e+00,-2.578124999999999861e-02,0.000000000000000000e+00,nan,-2.500000000000000139e-02,nan,nan,nan,nan,6.250000000000000347e-03,-3.125000000000000173e-03,5.468749999999999653e-03,-2.109375000000000139e-02,1.562500000000000087e-03,nan,nan,-1.015625000000000035e-02,nan
nan,nan,1.307692307692314218e-02,nan,nan,nan,1.769230769230773978e-02,2.153846153846157227e-02,nan,3.307692307692315647e-02,nan,2.307692307692343903e-03,nan,nan,-6.923076923076898134e-03,1.000000000000003143e-02,0.000000000000000000e+00,nan,2.307692307692366020e-03,nan,nan,nan,nan,nan,-2.923076923076921643e-02,-2.769230769230763764e-02,-1.307692307692303116e-02,nan,-2.846153846153840622e-02,nan,5.384615384615432099e-03,-1.384615384615377545e-02,nan,3.846153846153899276e-03,nan,nan,nan,nan,nan,nan,nan,nan,nan,0.000000000000000000e+00,-1.615384615384611935e-02,0.000000000000000000e+00,nan,nan,nan,nan,nan,nan,4.230769230769235861e-02,-1.307692307692303116e-02,4.615384615384621192e-02,-4.307692307692303352e-02,-1.615384615384609507e-02,nan,nan,-9.999999999999963779e-03,nan
nan,nan,4.580152671755723798e-02,nan,1.374045801526719776e-02,nan,8.396946564885498371e-03,1.297709923664125409e-02,nan,nan,nan,nan,nan,nan,-8.396946564885498371e-03,-3.053435114503799848e-03,0.000000000000000000e+00,nan,4.580152671755754849e-03,nan,nan,nan,nan,nan,7.633587786259665503e-04,-3.816793893129743955e-03,4.580152671755754849e-03,nan,0.000000000000000000e+00,2.290076335877864327e-02,-1.526717557251910983e-03,nan,nan,-4.580152671755688062e-03,nan,nan,1.603053435114500797e-02,nan,nan,nan,nan,nan,nan,0.000000000000000000e+00,-9.160305343511421228e-03,0.000000000000000000e+00,nan,-8.396946564885498371e-03,nan,nan,nan,nan,-1.450381679389312062e-02,-2.290076335877855307e-03,-7.633587786259222064e-04,-1.526717557251888648e-03,5.343511450381699390e-03,nan,nan,-6.106870229007599696e-03,nan
-6.844106463878274309e-03,nan,nan,nan,1.216730038022817428e-02,nan,1.825095057034225102e-02,1.977186311787075892e-02,nan,8.365019011406914923e-03,nan,nan,nan,nan,1.216730038022817428e-02,8.365019011406871555e-03,0.000000000000000000e+00,nan,1.216730038022817428e-02,nan,nan,nan,nan,nan,3.041825095057104720e-03,nan,-1.292775665399235017e-02,nan,-2.965779467680607073e-02,2.281368821292781984e-02,3.726235741444872129e-02,nan,nan,-1.520912547528463455e-03,nan,nan,nan,1.444866920152096910e-02,nan,nan,nan,nan,nan,0.000000000000000000e+00,-1.140684410646381972e-02,0.000000000000000000e+00,nan,-1.444866920152088063e-02,nan,nan,nan,nan,-1.368821292775661627e-02,-2.129277566539920091e-02,nan,-2.965779467680604992e-02,2.129277566539926683e-02,nan,nan,-7.604562737642539538e-03,nan
-7.114624505928812681e-03,nan,3.952569169960474041e-03,nan,nan,nan,-5.533596837944632085e-03,1.501976284584982668e-02,nan,1.581027667984202714e-03,nan,0.000000000000000000e+00,nan,nan,3.162055335968383309e-03,-7.114624505928812681e-03,0.000000000000000000e+00,nan,-7.905138339920680718e-04,nan,nan,nan,nan,nan,-9.486166007905083575e-03,nan,-2.371541501976270894e-03,nan,-4.743083003952541787e-03,-4.743083003952541787e-03,-7.114624505928812681e-03,nan,nan,-7.905138339920925530e-03,nan,nan,nan,2.220446049250313204e-17,nan,nan,nan,nan,-2.371541501976270894e-03,0.000000000000000000e+00,-1.343873517786558017e-02,0.000000000000000000e+00,nan,-3.952569169960428938e-03,nan,nan,nan,nan,-1.660079051383396218e-02,-6.324110671936722383e-03,nan,-1.106719367588930927e-02,-9.486166007905106126e-03,nan,nan,-6.324110671936722383e-03,nan
nan,nan,-7.258064516129025638e-03,nan,-7.258064516129025638e-03,nan,-8.064516129032250468e-04,5.645161290322575978e-03,nan,4.032258064516125451e-03,nan,nan,nan,nan,-4.838709677419350715e-03,-1.451612903225805128e-02,0.000000000000000000e+00,nan,-1.612903225806450094e-03,nan,nan,-1.129032258064515196e-02,nan,nan,-2.419354838709675271e-02,-2.661290322580642936e-02,-3.467741935483868027e-02,nan,-6.451612903225804885e-02,-4.838709677419350715e-03,nan,nan,nan,-2.499999999999997710e-02,nan,nan,nan,-1.048387096774192583e-02,nan,nan,nan,nan,nan,0.000000000000000000e+00,-2.338709677419352831e-02,0.000000000000000000e+00,nan,-1.612903225806450180e-02,nan,nan,nan,nan,-8.064516129032250902e-03,-2.983870967741932695e-02,nan,-4.919354838709673328e-02,-9.677419354838701429e-03,nan,nan,-1.129032258064515196e-02,nan
-2.158273381294906288e-03,nan,1.654676258992808860e-02,nan,nan,nan,1.870503597122308292e-02,1.438848920863313764e-02,nan,2.014388489208638472e-02,nan,1.582733812949643770e-02,nan,nan,2.158273381294995193e-03,1.582733812949643770e-02,0.000000000000000000e+00,nan,8.633093525179913116e-03,nan,nan,1.079136690647486407e-02,-1.079136690647477560e-02,nan,-1.582733812949634750e-02,-1.582733812949637178e-02,1.438848920863367064e-03,nan,-3.597122302158251017e-03,1.726618705035973950e-02,nan,nan,nan,nan,nan,nan,nan,nan,nan,nan,nan,nan,nan,0.000000000000000000e+00,7.194244604316945907e-04,0.000000000000000000e+00,nan,-7.194244604316057945e-04,nan,nan,nan,nan,7.913669064748241402e-03,2.877697841726667340e-03,1.007194244604321318e-02,-7.913669064748152931e-03,7.194244604316945907e-04,nan,nan,1.582733812949645852e-02,nan
-3.225806451612922739e-03,nan,-2.258064516129041494e-02,nan,nan,nan,-1.209677419354844227e-02,-1.693548387096781641e-02,nan,-4.032258064516125451e-03,nan,3.225806451612900187e-03,nan,nan,8.064516129032250468e-04,5.645161290322575978e-03,0.000000000000000000e+00,nan,0.000000000000000000e+00,nan,nan,-4.032258064516125451e-03,nan,nan,-2.419354838709697475e-03,2.419354838709675357e-03,0.000000000000000000e+00,nan,-8.870967741935542952e-03,-1.129032258064521788e-02,nan,-1.290322580645169095e-02,nan,-4.838709677419350715e-03,nan,nan,nan,nan,nan,nan,nan,nan,1.370967741935480433e-02,0.000000000000000000e+00,-1.048387096774199348e-02,0.000000000000000000e+00,nan,nan,nan,nan,nan,nan,-1.129032258064519532e-02,-1.129032258064521788e-02,-2.741935483870976478e-02,-1.451612903225816230e-02,-2.419354838709697475e-03,nan,nan,8.064516129032250468e-04,nan
nan,nan,6.504065040650463744e-03,nan,4.390243902439028290e-02,nan,nan,3.170731707317078069e-02,nan,nan,nan,nan,nan,nan,1.626016260162605961e-02,6.661338147750938996e-17,0.000000000000000000e+00,nan,1.463414634146345018e-02,nan,nan,nan,nan,nan,-2.195121951219509635e-02,-3.252032520325154243e-03,-1.219512195121945711e-02,nan,-2.195121951219507553e-02,nan,1.626016260162654967e-03,-2.682926829268288474e-02,nan,-2.357723577235766241e-02,nan,nan,4.634146341463416668e-02,nan,nan,nan,nan,nan,nan,0.000000000000000000e+00,-1.219512195121945711e-02,0.000000000000000000e+00,nan,nan,nan,nan,nan,nan,-1.138211382113818448e-02,8.130081300813052358e-03,4.878048780487875997e-03,-3.008130081300808278e-02,3.008130081300819381e-02,nan,nan,7.317073170731736367e-03,nan
nan,nan,nan,nan,nan,nan,nan,4.016064257028073917e-03,nan,1.285140562248992049e-02,nan,-1.606425702811287116e-03,nan,nan,-1.606425702811264998e-03,8.032128514056191201e-03,0.000000000000000000e+00,nan,8.032128514056102730e-04,nan,nan,nan,-1.606425702811287116e-03,nan,1.044176706827306712e-02,-2.409638554216873146e-02,-2.329317269076309690e-02,nan,-3.373493975903618658e-02,1.124497991967869995e-02,nan,nan,nan,nan,nan,nan,nan,nan,nan,nan,nan,nan,nan,0.000000000000000000e+00,-6.425702811245037442e-03,0.000000000000000000e+00,nan,-3.132530120481931413e-02,nan,nan,nan,nan,-1.124497991967876587e-02,1.044176706827304457e-02,1.767068273092364805e-02,-3.453815261044181767e-02,7.228915662650559244e-03,nan,nan,1.365461847389553077e-02,nan
-6.135458167330678364e-02,nan,2.470119521912348542e-02,nan,nan,nan,2.151394422310754992e-02,3.426294820717128153e-02,nan,3.266932270916331899e-02,nan,1.752988047808763314e-02,nan,nan,-1.513944223107568411e-02,1.513944223107568411e-02,0.000000000000000000e+00,nan,5.577689243027883666e-03,nan,nan,nan,nan,nan,7.968127490039833343e-04,nan,-4.780876494023904300e-02,nan,-9.163346613545819697e-02,1.912350597609559916e-02,2.151394422310754992e-02,-3.984063745019920944e-02,nan,3.984063745019916780e-03,nan,nan,nan,1.593625498007966712e-02,nan,nan,nan,nan,nan,0.000000000000000000e+00,-4.860557768924300692e-02,0.000000000000000000e+00,nan,nan,nan,nan,nan,nan,2.868525896414340220e-02,-2.151394422310754992e-02,nan,-8.844621513944225799e-02,0.000000000000000000e+00,nan,nan,-3.984063745019923719e-02,nan
-2.755905511811018727e-02,nan,-7.874015748031259598e-04,nan,nan,nan,6.299212598425229723e-03,1.574803149606300925e-02,nan,nan,nan,3.937007874015763589e-03,nan,nan,3.149606299212592744e-03,7.086614173228400135e-03,0.000000000000000000e+00,nan,1.181102362204728903e-02,nan,nan,nan,-7.086614173228334215e-03,nan,3.149606299212592744e-03,-1.653543307086611375e-02,-2.362204724409444449e-03,nan,-2.362204724409444623e-02,nan,7.874015748031547995e-03,nan,nan,nan,nan,nan,1.968503937007881621e-02,-1.338582677165351884e-02,nan,nan,nan,nan,nan,0.000000000000000000e+00,-7.874015748031482076e-03,0.000000000000000000e+00,nan,-1.889763779527555559e-02,nan,nan,nan,nan,-1.417322834645666843e-02,-1.574803149606296415e-02,nan,-1.732283464566925987e-02,-1.338582677165351884e-02,nan,nan,-1.732283464566925987e-02,nan
-1.693548387096772620e-02,nan,2.661290322580642936e-02,nan,nan,nan,1.048387096774192583e-02,2.016129032258062725e-02,nan,1.935483870967740286e-02,nan,5.645161290322575978e-03,nan,nan,-5.645161290322575978e-03,8.064516129032250468e-04,0.000000000000000000e+00,nan,-6.451612903225800374e-03,nan,nan,nan,-1.612903225806450094e-03,nan,-1.935483870967740286e-02,nan,-1.209677419354837635e-02,nan,-2.661290322580642936e-02,4.032258064516125451e-03,5.645161290322575978e-03,nan,nan,nan,nan,nan,nan,nan,nan,nan,nan,nan,nan,0.000000000000000000e+00,-4.112903225806454482e-02,0.000000000000000000e+00,nan,-1.774193548387095060e-02,nan,nan,nan,nan,-3.225806451612900187e-03,-1.693548387096772620e-02,4.032258064516125451e-03,-3.145161290322580350e-02,-4.032258064516125451e-03,nan,nan,-1.612903225806450180e-02,nan
-4.186046511627907613e-02,nan,6.976744186046523674e-03,nan,nan,nan,4.651162790697683028e-03,3.875968992248068901e-03,nan,6.201550387596910414e-03,nan,-7.751937984496138018e-04,nan,nan,7.751937984496138018e-04,2.325581395348841514e-03,0.000000000000000000e+00,nan,-1.550387596899227604e-03,nan,nan,nan,7.751937984496138018e-04,nan,-2.403100775193800498e-02,-6.046511627906976660e-02,-3.410852713178293832e-02,nan,-4.031007751937980277e-02,6.201550387596910414e-03,-3.100775193798455207e-03,nan,nan,nan,nan,nan,nan,nan,nan,nan,nan,nan,nan,0.000000000000000000e+00,-7.286821705426357876e-02,0.000000000000000000e+00,nan,-3.643410852713176162e-02,nan,nan,nan,nan,-2.248062015503875591e-02,-8.527131782945751928e-03,-4.418604651162789942e-02,-4.186046511627903449e-02,7.751937984496138018e-04,nan,nan,-4.651162790697683028e-03,nan
-2.934362934362928430e-02,nan,1.081081081081087733e-02,nan,nan,nan,1.776061776061783545e-02,1.389961389961398217e-02,nan,1.312741312741319034e-02,nan,-9.266409266409248585e-03,nan,nan,-1.698841698841695516e-02,-2.316602316602312146e-03,0.000000000000000000e+00,nan,-2.316602316602312146e-03,nan,nan,nan,6.949806949806980674e-03,nan,-2.702702702702697302e-02,nan,-2.316602316602311973e-02,nan,-5.405405405405403624e-02,6.177606177606232221e-03,-3.861003861003831170e-03,nan,nan,nan,nan,nan,nan,nan,nan,nan,nan,nan,nan,0.000000000000000000e+00,-3.320463320463314105e-02,0.000000000000000000e+00,nan,-2.162162162162157772e-02,nan,nan,nan,nan,2.316602316602356382e-03,1.544401544401585811e-03,-3.861003861003831170e-03,-3.938223938223932297e-02,-1.312741312741310187e-02,nan,nan,-1.930501930501926644e-02,nan
-3.453815261044172746e-02,nan,2.008032128514061071e-02,nan,-4.016064257028073917e-03,nan,3.694779116465866931e-02,1.445783132530127288e-02,nan,1.606425702811251771e-02,nan,nan,nan,nan,1.044176706827315559e-02,nan,0.000000000000000000e+00,nan,-8.032128514055658208e-04,nan,nan,7.228915662650670267e-03,6.425702811245015758e-03,nan,-1.044176706827304457e-02,nan,-2.088353413654613425e-02,nan,-2.730923694779112745e-02,1.044176706827315559e-02,nan,nan,nan,nan,nan,nan,nan,nan,nan,nan,nan,nan,-1.767068273092364805e-02,0.000000000000000000e+00,-3.614457831325297577e-02,0.000000000000000000e+00,nan,-8.032128514056191201e-03,nan,nan,nan,nan,1.124497991967876587e-02,8.032128514056302224e-03,3.212851405622492440e-02,-4.658634538152606197e-02,-1.847389558232927914e-02,nan,nan,1.204819277108442124e-02,nan
-2.801556420233459674e-02,nan,-1.322957198443575066e-02,nan,-1.089494163424120643e-02,nan,-4.669260700389088470e-03,-1.167315175097274373e-02,nan,nan,nan,nan,nan,nan,-2.023346303501938337e-02,-7.782101167315147450e-04,0.000000000000000000e+00,nan,-3.891050583657573725e-03,nan,nan,nan,nan,nan,-1.712062256809332439e-02,-3.346303501945517567e-02,-1.400778210116726541e-02,nan,-3.968871595330736302e-02,7.782101167315591973e-04,-8.560311284046662195e-03,nan,nan,-1.789883268482483913e-02,nan,nan,6.661338147750938996e-17,-2.412451361867697791e-02,nan,nan,nan,nan,nan,0.000000000000000000e+00,-1.478599221789878015e-02,0.000000000000000000e+00,nan,-3.112840466926065572e-02,nan,nan,nan,nan,-5.447470817120603215e-03,-1.245136186770423592e-02,nan,-2.645914396887152215e-02,-1.789883268482483913e-02,nan,nan,-1.400778210116726541e-02,nan
-2.479999999999991239e-02,nan,8.000000000000006889e-04,nan,nan,nan,nan,2.080000000000001986e-02,nan,nan,nan,1.200000000000001066e-02,nan,nan,2.400000000000001958e-03,-1.600000000000001378e-03,0.000000000000000000e+00,nan,8.800000000000007469e-03,nan,nan,nan,-1.279999999999998847e-02,nan,-7.999999999999984554e-03,nan,-1.839999999999995112e-02,nan,nan,-8.000000000000007105e-03,-7.200000000000006742e-03,nan,nan,nan,nan,nan,1.680000000000001631e-02,4.800000000000003916e-03,nan,nan,nan,nan,nan,0.000000000000000000e+00,-2.399999999999991029e-02,0.000000000000000000e+00,nan,-1.839999999999997193e-02,nan,nan,nan,nan,-7.999999999999984554e-03,-1.919999999999997403e-02,nan,-3.279999999999991950e-02,-2.399999999999991029e-02,nan,nan,-6.400000000000005511e-03,nan
-2.400000000000002132e-02,nan,8.000000000000006889e-04,nan,-4.000000000000003553e-03,nan,nan,1.040000000000000993e-02,nan,7.200000000000006742e-03,nan,nan,nan,nan,1.600000000000001378e-03,1.600000000000001378e-03,0.000000000000000000e+00,nan,-4.800000000000003916e-03,nan,nan,-1.600000000000001378e-03,-9.600000000000007833e-03,nan,-2.560000000000002204e-02,nan,-5.600000000000005147e-03,nan,nan,nan,nan,0.000000000000000000e+00,nan,nan,nan,nan,nan,-2.400000000000001958e-03,nan,nan,nan,nan,-4.320000000000003698e-02,0.000000000000000000e+00,-4.080000000000003763e-02,0.000000000000000000e+00,nan,nan,nan,nan,nan,nan,-6.400000000000005511e-03,-1.760000000000001494e-02,nan,-1.760000000000001494e-02,-1.040000000000000993e-02,nan,nan,-3.440000000000002778e-02,nan
-9.716599190283425544e-03,nan,-3.562753036437253662e-02,nan,nan,nan,nan,-2.429149797570853003e-02,nan,nan,nan,4.858299595141679812e-03,nan,nan,-1.538461538461541843e-02,-6.477732793522305958e-03,0.000000000000000000e+00,nan,-4.048582995951432659e-03,nan,nan,-7.287449392712574796e-03,nan,nan,-3.886639676113366054e-02,nan,-3.886639676113368136e-02,nan,-9.878542510121461617e-02,4.048582995951366739e-03,nan,-8.502024291497981001e-02,nan,-2.105263157894743387e-02,nan,nan,7.287449392712508009e-03,nan,nan,nan,nan,nan,nan,0.000000000000000000e+00,-2.672064777327940593e-02,0.000000000000000000e+00,nan,nan,nan,nan,nan,nan,-2.267206477732799236e-02,-8.906882591093156706e-03,-2.672064777327938165e-02,-1.028340080971660297e-01,-2.510121457489884397e-02,nan,nan,4.858299595141679812e-03,nan
-1.273408239700377607e-02,nan,9.737827715355829375e-03,nan,-5.992509363295895133e-03,nan,-5.992509363295895133e-03,-1.498127340823973783e-03,nan,-1.498127340823973783e-03,nan,nan,nan,nan,-7.490636704119868917e-04,2.247191011235960458e-03,0.000000000000000000e+00,nan,0.000000000000000000e+00,nan,nan,nan,-2.996254681647947567e-03,nan,-3.071161048689141637e-02,nan,-8.239700374531856025e-03,nan,-5.243445692883907591e-03,1.498127340823973783e-03,-7.490636704119868917e-04,nan,nan,nan,nan,nan,nan,nan,nan,nan,nan,nan,nan,0.000000000000000000e+00,-1.123595505617980272e-02,0.000000000000000000e+00,nan,-7.490636704119868917e-04,nan,nan,nan,nan,-2.546816479400750705e-02,6.741573033707881808e-03,-1.797752808988768367e-02,-1.048689138576781518e-02,-1.348314606741576362e-02,nan,nan,-2.471910112359554379e-02,nan
nan,nan,5.816733067729078221e-02,nan,nan,nan,-7.968127490039856112e-03,1.992031872509958390e-02,nan,3.824701195219119831e-02,nan,1.115537848605576733e-02,nan,nan,1.992031872509958390e-02,4.223107569721111509e-02,0.000000000000000000e+00,nan,1.195219123505975034e-02,nan,nan,nan,-1.274900398406373335e-02,nan,-3.346613545816738700e-02,-2.709163346613552292e-02,-2.788844621513946256e-02,nan,-3.745019920318733153e-02,5.498007968127485018e-02,4.701195219123501662e-02,nan,nan,nan,nan,nan,nan,nan,nan,nan,nan,nan,nan,0.000000000000000000e+00,2.071713147410356864e-02,0.000000000000000000e+00,nan,-1.354581673306771636e-02,nan,nan,nan,nan,-3.027888446215145496e-02,-1.992031872509960472e-02,-4.462151394422318035e-02,-4.860557768924309713e-02,3.745019920318722051e-02,nan,nan,-4.780876494023911238e-02,nan
nan,nan,2.716049382716052493e-02,nan,nan,nan,4.444444444444446696e-02,3.045267489711935699e-02,nan,nan,nan,2.469135802469124476e-03,nan,nan,1.069958847736627271e-02,-6.584362139917665849e-03,0.000000000000000000e+00,nan,-1.646090534979416462e-03,nan,nan,nan,nan,nan,-4.938271604938227269e-03,-1.893004115226335632e-02,-2.139917695473252460e-02,nan,-5.761316872427981600e-02,1.646090534979416462e-03,3.292181069958855042e-03,-5.267489711934154883e-02,nan,-8.230452674897104429e-03,nan,nan,4.526748971193415155e-02,nan,nan,nan,nan,nan,nan,0.000000000000000000e+00,-1.563786008230452079e-02,0.000000000000000000e+00,nan,nan,nan,nan,nan,nan,2.798353909465023381e-02,1.810699588477366825e-02,1.646090534979416462e-03,-3.950617283950615122e-02,3.292181069958877160e-03,nan,nan,-1.563786008230452079e-02,nan
-9.523809523809489974e-03,nan,2.380952380952372494e-03,nan,nan,nan,2.380952380952372494e-03,7.936507936507908312e-03,nan,nan,nan,-1.587301587301581662e-03,nan,nan,-7.936507936507908312e-04,nan,0.000000000000000000e+00,nan,4.761904761904744987e-03,nan,nan,nan,-2.460317460317460597e-02,nan,-2.380952380952383596e-02,-1.825396825396825504e-02,-1.190476190476190757e-02,nan,-3.968253968253965258e-02,0.000000000000000000e+00,-7.936507936508130573e-04,-4.999999999999997502e-02,nan,nan,nan,nan,-6.349206349206349201e-03,nan,nan,nan,nan,nan,nan,0.000000000000000000e+00,-1.666666666666665256e-02,0.000000000000000000e+00,nan,nan,nan,nan,nan,nan,-3.968253968253965258e-02,-1.111111111111107164e-02,-3.015873015873016261e-02,-5.079365079365079361e-02,-6.349206349206326649e-03,nan,nan,-2.142857142857144265e-02,nan
-5.405405405405394430e-03,nan,1.930501930501926644e-02,nan,nan,nan,7.722007722007706793e-04,1.158301158301155986e-02,nan,5.405405405405394430e-03,nan,0.000000000000000000e+00,nan,nan,-3.088803088803082717e-03,-2.316602316602312146e-03,0.000000000000000000e+00,nan,3.088803088803082717e-03,nan,nan,nan,nan,nan,-1.389961389961387114e-02,nan,-1.081081081081078886e-02,nan,-1.158301158301155986e-02,4.633204633204624293e-03,-5.405405405405394430e-03,nan,nan,-1.235521235521233087e-02,nan,nan,nan,nan,nan,nan,nan,nan,9.266409266409248585e-03,0.000000000000000000e+00,nan,0.000000000000000000e+00,nan,-4.633204633204624293e-03,nan,nan,nan,nan,-1.389961389961387114e-02,-1.389961389961387114e-02,3.861003861003875406e-03,-2.007722007722003571e-02,-3.088803088803082717e-03,nan,nan,-3.166023166023168578e-02,nan
3.238866396761164255e-03,nan,1.457489878542510622e-02,nan,nan,nan,nan,5.668016194331970334e-03,nan,nan,nan,-2.429149797570873300e-03,nan,nan,-8.097165991902821949e-03,-3.238866396761142137e-03,0.000000000000000000e+00,nan,-2.429149797570850748e-03,nan,nan,nan,nan,nan,-2.105263157894736795e-02,nan,-1.052631578947369438e-02,nan,-2.591093117408904689e-02,2.429149797570850748e-03,-2.429149797570850748e-03,nan,nan,-2.267206477732790562e-02,nan,nan,1.862348178137651633e-02,1.457489878542510622e-02,nan,nan,nan,nan,nan,0.000000000000000000e+00,-1.133603238866398577e-02,0.000000000000000000e+00,nan,-2.186234817813763678e-02,nan,nan,nan,nan,-2.429149797570850748e-03,-1.457489878542510622e-02,nan,-2.348178137651821956e-02,-3.319838056680161908e-02,nan,nan,-7.287449392712574796e-03,nan
nan,nan,nan,nan,nan,nan,1.269841269841269840e-02,2.301587301587302431e-02,nan,2.222222222222223348e-02,nan,7.936507936507686050e-04,nan,nan,-1.587301587301586173e-02,2.380952380952372494e-03,0.000000000000000000e+00,nan,1.507936507936509171e-02,nan,nan,nan,-2.936507936507935096e-02,nan,-7.142857142857140032e-03,-8.015873015873016538e-02,-8.968253968253966923e-02,nan,-1.103174603174603280e-01,-2.380952380952372494e-03,1.349206349206348923e-02,nan,nan,nan,nan,nan,nan,nan,nan,nan,nan,nan,-7.936507936507934680e-02,0.000000000000000000e+00,nan,0.000000000000000000e+00,nan,-3.174603174603174427e-02,nan,nan,nan,nan,2.142857142857141836e-02,-2.698412698412699928e-02,3.174603174603172345e-02,-9.126984126984127865e-02,1.269841269841265330e-02,nan,nan,3.650793650793651007e-02,nan
-5.083333333333332760e-02,nan,9.166666666666678856e-03,nan,nan,nan,-1.666666666666660702e-03,5.000000000000026992e-03,nan,nan,nan,6.666666666666665360e-03,nan,nan,2.500000000000013496e-03,-8.333333333333326279e-03,0.000000000000000000e+00,nan,-1.333333333333330817e-02,nan,nan,nan,nan,nan,-3.333333333333328430e-02,nan,-6.583333333333332704e-02,nan,-8.166666666666662355e-02,nan,7.499999999999995386e-03,nan,nan,-3.333333333333332593e-02,nan,nan,1.750000000000000513e-02,nan,nan,nan,nan,nan,nan,0.000000000000000000e+00,-6.416666666666666352e-02,0.000000000000000000e+00,nan,-4.666666666666665492e-02,nan,nan,nan,nan,-4.166666666666651864e-03,-1.666666666666638584e-03,3.333333333333343522e-03,-8.999999999999999667e-02,1.166666666666671404e-02,nan,nan,-4.249999999999998224e-02,nan
-3.636363636363641738e-02,nan,4.958677685950351952e-03,nan,nan,nan,1.404958677685945803e-02,1.735537190082638709e-02,nan,2.231404958677678588e-02,nan,4.958677685950374503e-03,nan,nan,8.264462809917327846e-03,-8.264462809917771501e-04,0.000000000000000000e+00,nan,7.438016528925594714e-03,nan,nan,nan,nan,nan,-3.553719008264468598e-02,nan,-2.066115702479343064e-02,nan,-2.644628099173558164e-02,3.305785123966909107e-03,-4.440892098500626408e-17,nan,nan,-7.438016528925684052e-03,nan,nan,nan,nan,nan,nan,nan,nan,-1.652892561983476671e-02,0.000000000000000000e+00,-2.644628099173558164e-02,0.000000000000000000e+00,nan,-1.735537190082649811e-02,nan,nan,nan,nan,-3.305785123966997578e-03,8.264462809916883540e-04,5.785123966942107634e-03,-2.231404958677691772e-02,-1.652892561983510065e-03,nan,nan,8.264462809916883540e-04,nan
4.858299595141635577e-03,nan,8.097165991902821949e-03,nan,nan,nan,4.048582995951388423e-03,4.048582995951388423e-03,nan,8.097165991902466114e-04,nan,-2.220446049250313204e-17,nan,nan,-1.619433198380604245e-03,1.619433198380537675e-03,0.000000000000000000e+00,nan,-8.097165991903132898e-04,nan,nan,nan,-3.238866396761164255e-03,nan,4.048582995951388423e-03,8.906882591093090787e-03,4.858299595141657261e-03,nan,1.619433198380515557e-03,-4.858299595141746599e-03,-8.097165991903132898e-04,nan,nan,nan,nan,nan,nan,nan,nan,nan,nan,nan,nan,0.000000000000000000e+00,-1.457489878542514959e-02,0.000000000000000000e+00,nan,-2.220446049250313204e-17,nan,nan,nan,nan,-1.052631578947371693e-02,-3.238866396761186373e-03,-4.048582995951455210e-03,nan,-3.238866396761142137e-03,nan,nan,-4.440892098500626408e-17,nan
nan,nan,3.259259259259254804e-02,nan,nan,nan,9.629629629629566159e-03,1.703703703703698252e-02,nan,nan,nan,1.777777777777773613e-02,nan,nan,3.333333333333328430e-02,1.037037037037029721e-02,0.000000000000000000e+00,nan,2.444444444444440062e-02,nan,nan,nan,-1.481481481481485875e-02,nan,8.148148148148104050e-03,-2.888888888888896389e-02,-1.407407407407412769e-02,nan,-2.222222222222229940e-02,4.222222222222218185e-02,nan,nan,nan,nan,nan,nan,2.296296296296291770e-02,nan,nan,nan,nan,nan,nan,0.000000000000000000e+00,-2.296296296296302872e-02,0.000000000000000000e+00,nan,-1.333333333333335327e-02,nan,nan,nan,nan,-3.037037037037042600e-02,2.222222222222216409e-02,-9.629629629629677182e-03,-1.629629629629634341e-02,-8.148148148148215072e-03,nan,nan,-2.962962962963011822e-03,nan
nan,nan,1.626016260162632633e-03,nan,nan,nan,1.056910569105691186e-02,5.691056910569125202e-03,nan,nan,nan,3.252032520325221030e-03,nan,nan,-1.300813008130077310e-02,-1.626016260162588180e-03,0.000000000000000000e+00,nan,1.626016260162610515e-03,nan,nan,nan,-8.130081300812986439e-03,nan,-1.463414634146340508e-02,-4.878048780487764975e-03,-3.333333333333330512e-02,nan,-1.048780487804877870e-01,nan,3.252032520325198912e-03,nan,nan,nan,nan,nan,7.317073170731713816e-03,nan,nan,nan,nan,nan,-1.138211382113818448e-02,0.000000000000000000e+00,-5.447154471544710802e-02,0.000000000000000000e+00,nan,-1.869918699186991912e-02,nan,nan,nan,nan,-1.219512195121950048e-02,-2.195121951219512063e-02,-5.691056910569080966e-03,-9.918699186991866701e-02,-5.691056910569103518e-03,nan,nan,-2.276422764227641407e-02,nan
-2.926829268292678934e-02,nan,6.504065040650463744e-03,nan,nan,nan,1.951219512195128195e-02,3.089430894308944214e-02,nan,1.544715447154474362e-02,nan,8.130081300813163164e-04,nan,nan,8.130081300813074910e-03,2.220446049250313204e-17,0.000000000000000000e+00,nan,-1.626016260162588180e-03,nan,nan,nan,-9.756097560975573318e-03,nan,-2.845528455284549590e-02,nan,-1.951219512195119174e-02,nan,-2.439024390243898013e-02,9.756097560975640973e-03,4.878048780487831762e-03,nan,nan,nan,nan,nan,nan,nan,nan,nan,nan,nan,nan,0.000000000000000000e+00,-2.926829268292681016e-02,0.000000000000000000e+00,nan,-1.300813008130077310e-02,nan,nan,nan,nan,4.065040650406537455e-03,-4.065040650406470668e-03,1.056910569105695696e-02,-1.707317073170726632e-02,-5.691056910569059282e-03,nan,nan,-1.951219512195119174e-02,nan
nan,nan,7.662835249042209817e-04,nan,-2.298850574712663162e-03,nan,3.831417624521083008e-03,3.831417624521060890e-03,nan,1.226053639846740387e-02,nan,nan,nan,nan,-7.662835249042209817e-04,4.597701149425282088e-03,0.000000000000000000e+00,-3.524904214559392013e-02,2.298850574712641044e-03,nan,nan,nan,1.532567049808419846e-03,nan,-4.291187739463604711e-02,nan,-7.662835249042432078e-04,nan,nan,3.831417624521083008e-03,-9.195402298850607545e-03,nan,nan,nan,nan,nan,nan,9.195402298850564177e-03,nan,nan,nan,nan,-4.827586206896552351e-02,0.000000000000000000e+00,-5.440613026819925147e-02,0.000000000000000000e+00,nan,2.298850574712641044e-03,nan,nan,nan,nan,-1.302681992337166930e-02,-5.363984674329547522e-03,nan,-1.072796934865902739e-02,-7.662835249042166015e-03,nan,nan,-1.915708812260539379e-02,nan
nan,nan,-1.019607843137260161e-02,nan,nan,nan,5.490196078431352697e-03,1.333333333333328562e-02,nan,nan,nan,-3.137254901960817577e-03,nan,nan,-5.411764705882356197e-02,-1.411764705882359063e-02,0.000000000000000000e+00,nan,4.705882352941159578e-03,nan,nan,nan,-8.627450980392192825e-03,nan,-4.156862745098042350e-02,-6.196078431372553652e-02,-7.372549019607847753e-02,nan,-1.372549019607843812e-01,-3.921568627451010695e-03,-5.490196078431419484e-03,nan,nan,nan,nan,nan,1.019607843137251314e-02,nan,nan,nan,nan,nan,-1.411764705882356807e-02,0.000000000000000000e+00,nan,0.000000000000000000e+00,nan,-6.431372549019612195e-02,nan,nan,nan,nan,-3.294117647058825149e-02,-3.529411764705887855e-02,-7.843137254902154531e-04,-1.333333333333333870e-01,-6.274509803921612602e-03,nan,nan,-2.431372549019610377e-02,nan
nan,nan,7.058823529411739801e-03,nan,1.019607843137251314e-02,nan,nan,-4.440892098500626408e-17,nan,1.254901960784309337e-02,nan,nan,nan,nan,1.098039215686270539e-02,6.274509803921524131e-03,0.000000000000000000e+00,nan,-7.843137254902154531e-04,nan,nan,nan,-5.490196078431463719e-03,nan,-1.411764705882359063e-02,-1.254901960784320439e-02,7.843137254901910368e-03,nan,nan,-2.352941176470646576e-03,-4.705882352941226365e-03,nan,nan,nan,nan,nan,nan,nan,nan,nan,nan,nan,nan,0.000000000000000000e+00,-8.627450980392215377e-03,0.000000000000000000e+00,nan,-2.220446049250313204e-17,nan,nan,nan,nan,-6.661338147750938996e-17,1.647058823529405983e-02,-5.490196078431419484e-03,3.921568627450943909e-03,-8.627450980392237928e-03,nan,nan,1.568627450980364336e-03,nan
-4.046692607003894715e-02,nan,-1.556420233463038337e-02,nan,nan,nan,nan,3.112840466926036862e-03,nan,5.447470817120603215e-03,nan,3.891050583657573725e-03,7.003891050583632705e-03,nan,0.000000000000000000e+00,6.225680933852117960e-03,0.000000000000000000e+00,nan,nan,nan,nan,5.447470817120603215e-03,-1.011673151750975760e-02,nan,-3.112840466926103215e-03,-4.280155642023353302e-02,5.447470817120603215e-03,nan,nan,-2.334630350194544235e-03,nan,nan,nan,nan,nan,nan,nan,-1.167315175097280965e-02,nan,nan,nan,nan,nan,0.000000000000000000e+00,-4.669260700389110674e-02,0.000000000000000000e+00,nan,1.478599221789878015e-02,nan,nan,nan,nan,-1.322957198443581658e-02,3.891050583657573725e-03,nan,-8.560311284046728114e-03,-3.891050583657617960e-03,nan,nan,-3.891050583657617960e-03,nan
-1.919999999999990464e-02,nan,1.120000000000001029e-02,nan,nan,nan,0.000000000000000000e+00,-5.599999999999960912e-03,nan,nan,nan,2.400000000000001958e-03,nan,nan,0.000000000000000000e+00,-8.000000000000006889e-04,0.000000000000000000e+00,nan,3.200000000000002755e-03,nan,nan,nan,-1.119999999999989927e-02,nan,-3.999999999999936766e-03,-2.399999999999991029e-02,-2.400000000000001958e-03,nan,3.200000000000002755e-03,2.400000000000001958e-03,nan,nan,2.400000000000001958e-03,nan,nan,nan,8.000000000000007105e-03,nan,nan,nan,nan,nan,nan,0.000000000000000000e+00,2.400000000000024510e-03,0.000000000000000000e+00,nan,-3.199999999999980638e-03,nan,nan,nan,nan,-1.359999999999992291e-02,4.000000000000003553e-03,8.000000000000229150e-04,7.200000000000006742e-03,8.000000000000007105e-03,nan,nan,3.200000000000024873e-03,nan
nan,nan,1.818181818181812195e-02,nan,nan,nan,1.487603305785118943e-02,1.735537190082641137e-02,nan,1.983471074380158822e-02,nan,1.074380165289250469e-02,nan,nan,-9.090909090909149448e-03,5.785123966942107634e-03,0.000000000000000000e+00,nan,3.305785123966909107e-03,nan,nan,nan,nan,nan,-4.545454545454552520e-02,-2.314049586776862830e-02,-3.140495867768598043e-02,nan,-9.090909090909093937e-02,2.479338842975200435e-02,nan,nan,nan,-1.404958677685956905e-02,nan,nan,nan,-6.611570247933929237e-03,nan,nan,nan,nan,nan,0.000000000000000000e+00,-1.900826446280996437e-02,0.000000000000000000e+00,nan,-3.140495867768600124e-02,nan,nan,nan,nan,-1.487603305785130045e-02,-3.223140495867775346e-02,nan,-9.173553719008269158e-02,-1.652892561983510065e-03,nan,nan,-2.479338842975211538e-02,nan
-2.950819672131142074e-02,nan,-2.459016393442592374e-03,nan,nan,nan,5.737704918032826562e-03,6.557377049180357353e-03,nan,4.918032786885295771e-03,nan,2.459016393442636610e-03,nan,nan,-5.737704918032759775e-03,-1.065573770491801131e-02,0.000000000000000000e+00,nan,4.098360655737742428e-03,nan,nan,8.196721311475752437e-04,-1.557377049180324116e-02,nan,-1.393442622950820040e-02,nan,-9.016393442622927176e-03,nan,-3.196721311475405475e-02,-4.098360655737698192e-03,nan,nan,nan,nan,nan,nan,nan,nan,nan,nan,nan,nan,2.220446049250313204e-17,0.000000000000000000e+00,-3.114754098360650314e-02,0.000000000000000000e+00,nan,2.459016393442659161e-03,nan,nan,nan,nan,2.220446049250313204e-17,-9.836065573770480519e-03,1.065573770491807723e-02,-3.278688524590160636e-02,-2.049180327868849183e-02,nan,nan,-6.557377049180313118e-03,nan
-1.467181467181464215e-02,nan,-1.081081081081078886e-02,nan,1.544401544401541359e-03,nan,7.722007722007706793e-04,3.861003861003853288e-03,nan,-2.316602316602312146e-03,nan,nan,nan,nan,2.316602316602312146e-03,7.722007722007706793e-04,0.000000000000000000e+00,nan,-7.722007722007706793e-04,nan,nan,nan,nan,nan,-6.177606177606165434e-03,-6.177606177606165434e-03,-5.405405405405394430e-03,nan,-3.088803088803082717e-03,-1.235521235521235342e-02,-2.316602316602312146e-03,nan,nan,-3.088803088803082717e-03,nan,nan,nan,nan,nan,nan,nan,nan,-1.853281853281851799e-02,0.000000000000000000e+00,-2.239382239382241638e-02,0.000000000000000000e+00,nan,-3.861003861003853288e-03,nan,nan,nan,nan,-1.158301158301155986e-02,6.177606177606165434e-03,-7.722007722007706793e-04,-4.633204633204624293e-03,0.000000000000000000e+00,nan,nan,-4.633204633204624293e-03,nan
nan,nan,2.538461538461535966e-02,nan,nan,nan,1.461538461538456311e-02,2.461538461538457373e-02,nan,1.923076923076916245e-02,nan,3.846153846153832490e-03,nan,nan,1.923076923076918326e-02,1.769230769230762876e-02,0.000000000000000000e+00,nan,1.230769230769226431e-02,nan,nan,nan,nan,nan,6.923076923076876450e-03,-3.076923076923088196e-03,-2.307692307692299667e-03,nan,7.692307692307442935e-04,1.538461538461532996e-02,2.307692307692304004e-02,-3.076923076923132432e-03,nan,2.307692307692299667e-03,nan,nan,nan,7.692307692307664979e-03,nan,nan,nan,nan,nan,0.000000000000000000e+00,-7.692307692307887457e-04,0.000000000000000000e+00,nan,nan,nan,nan,nan,nan,6.153846153846132157e-03,1.538461538461535251e-02,nan,3.846153846153832490e-03,-1.076923076923084165e-02,nan,nan,-6.153846153846220628e-03,nan
-1.370967741935482688e-02,nan,-2.580645161290320150e-02,nan,nan,nan,6.451612903225800374e-03,0.000000000000000000e+00,nan,nan,nan,-2.419354838709675357e-03,nan,nan,3.225806451612900187e-03,nan,0.000000000000000000e+00,nan,-7.258064516129025638e-03,nan,nan,0.000000000000000000e+00,nan,nan,-1.129032258064515196e-02,nan,-8.064516129032250902e-03,nan,-1.209677419354837635e-02,-1.693548387096772620e-02,nan,nan,nan,-4.838709677419350715e-03,nan,nan,-4.032258064516125451e-03,nan,nan,nan,nan,nan,-1.935483870967740286e-02,0.000000000000000000e+00,-4.354838709677415209e-02,0.000000000000000000e+00,nan,-2.419354838709675357e-03,nan,nan,nan,nan,-1.290322580645160075e-02,-1.048387096774192583e-02,-1.290322580645160075e-02,-8.064516129032250902e-03,-2.661290322580642936e-02,nan,nan,-2.177419354838707605e-02,nan
-1.417910447761192537e-02,nan,1.492537313432835619e-02,nan,nan,nan,5.223880597014951555e-03,1.119402985074629056e-02,nan,nan,nan,-4.477611940298475632e-03,nan,nan,-8.208955223880588098e-03,-2.238805970149226974e-03,0.000000000000000000e+00,nan,1.492537313432862290e-03,nan,nan,nan,-9.701492537313427186e-03,nan,-1.492537313432831282e-02,nan,-1.268656716417910710e-02,nan,-4.179104477611939039e-02,6.716417910447791510e-03,4.477611940298564970e-03,nan,nan,nan,nan,nan,4.477611940298520735e-03,7.462686567164311452e-04,nan,nan,nan,nan,nan,0.000000000000000000e+00,-1.641791044776115191e-02,0.000000000000000000e+00,nan,-2.014925373134326264e-02,nan,nan,nan,nan,-2.611940298507460165e-02,4.477611940298520735e-03,nan,-2.238805970149253602e-02,-8.208955223880565547e-03,nan,nan,-3.731343283582066930e-03,nan
nan,nan,2.109704641350202900e-02,nan,nan,nan,nan,3.544303797468349032e-02,nan,4.219409282700416902e-02,nan,2.531645569620222420e-03,nan,nan,6.751054852320614516e-03,1.181434599156112528e-02,0.000000000000000000e+00,nan,6.751054852320592832e-03,nan,nan,nan,5.907172995780540954e-03,nan,-2.025316455696206733e-02,-2.447257383966250366e-02,-2.025316455696208814e-02,nan,-4.135021097046420735e-02,nan,1.518987341772146636e-02,nan,nan,nan,nan,nan,nan,nan,nan,nan,nan,nan,nan,0.000000000000000000e+00,-1.097046413502111850e-02,0.000000000000000000e+00,nan,-2.447257383966250366e-02,nan,nan,nan,1.687763713080163777e-02,2.531645569620222420e-03,-8.438818565401184479e-04,1.181434599156112528e-02,-4.978902953586505920e-02,3.375527426160274298e-03,nan,nan,-1.097046413502114105e-02,nan
-3.939393939393935617e-02,nan,7.575757575757569246e-04,nan,nan,nan,2.272727272727270709e-02,9.090909090909083529e-03,nan,nan,nan,1.515151515151513849e-03,9.848484848484839044e-03,nan,2.272727272727270882e-03,5.303030303030298147e-03,0.000000000000000000e+00,nan,nan,nan,nan,3.030303030303027698e-03,-2.196969696969695157e-02,nan,-3.030303030303027612e-02,-3.409090909090906063e-02,-5.075757575757570972e-02,nan,-5.454545454545449423e-02,6.060606060606055397e-03,nan,nan,nan,nan,nan,nan,7.575757575757569029e-03,2.196969696969695157e-02,nan,nan,nan,nan,nan,0.000000000000000000e+00,-5.757575757575754405e-02,0.000000000000000000e+00,nan,-3.333333333333330512e-02,nan,nan,nan,nan,-2.575757575757573609e-02,3.787878787878784514e-03,nan,-3.712121212121208963e-02,-1.893939393939392257e-02,nan,nan,-1.439393939393938081e-02,nan
-2.220446049250313204e-17,nan,3.501945525291825373e-02,nan,3.891050583657573725e-03,nan,1.011673151750969168e-02,1.867704280155637470e-02,nan,1.478599221789878015e-02,nan,nan,nan,nan,1.556420233463031745e-02,5.447470817120603215e-03,0.000000000000000000e+00,nan,1.089494163424120643e-02,nan,nan,nan,-2.334630350194566353e-03,nan,8.560311284046662195e-03,nan,-6.225680933852184747e-03,nan,-1.167315175097283220e-02,2.256809338521397271e-02,5.447470817120603215e-03,nan,nan,nan,nan,nan,nan,nan,nan,nan,nan,nan,nan,0.000000000000000000e+00,-7.782101167315369711e-04,0.000000000000000000e+00,nan,0.000000000000000000e+00,nan,nan,nan,nan,-1.867704280155644408e-02,1.634241245136183046e-02,2.334630350194522117e-03,-1.634241245136192067e-02,-2.334630350194566353e-03,nan,nan,-1.556420233463038337e-02,nan
nan,nan,-1.593625498007966669e-03,nan,-8.764940239043816569e-03,nan,nan,7.968127490039833560e-03,nan,4.780876494023899789e-03,nan,nan,nan,nan,3.984063745019916780e-03,3.187250996015933337e-03,0.000000000000000000e+00,-2.390438247011949895e-03,8.764940239043816569e-03,nan,nan,3.187250996015933337e-03,nan,nan,-2.151394422310754992e-02,nan,5.577689243027883666e-03,nan,-3.187250996015933337e-03,7.968127490039833560e-03,nan,-2.629482071713145144e-02,nan,-1.274900398406373335e-02,nan,nan,nan,-1.673306772908365186e-02,nan,nan,nan,nan,nan,0.000000000000000000e+00,-7.968127490039833343e-04,0.000000000000000000e+00,nan,nan,nan,nan,nan,nan,-3.266932270916331899e-02,-2.948207171314738348e-02,nan,-7.968127490039833343e-04,-1.035856573705178432e-02,nan,nan,-3.187250996015933424e-02,nan
1.200000000000001066e-02,nan,0.000000000000000000e+00,nan,nan,nan,0.000000000000000000e+00,-2.400000000000001958e-03,nan,nan,nan,8.000000000000007105e-03,nan,nan,-8.000000000000006889e-04,nan,0.000000000000000000e+00,nan,6.400000000000005511e-03,nan,nan,7.200000000000006742e-03,-3.040000000000002769e-02,nan,-2.400000000000002132e-02,nan,-2.880000000000002697e-02,nan,-3.440000000000002778e-02,0.000000000000000000e+00,nan,nan,nan,nan,nan,4.000000000000003553e-03,2.320000000000001922e-02,nan,nan,nan,nan,nan,1.520000000000001385e-02,0.000000000000000000e+00,0.000000000000000000e+00,0.000000000000000000e+00,nan,-7.200000000000006742e-03,nan,nan,nan,nan,-1.440000000000001348e-02,4.000000000000003553e-03,nan,-4.000000000000003553e-02,4.800000000000003916e-03,nan,nan,-1.600000000000001378e-03,nan
nan,nan,-2.661290322580651610e-02,nan,nan,nan,-5.645161290322575978e-03,0.000000000000000000e+00,nan,-3.225806451612900187e-03,nan,-1.612903225806450094e-03,nan,nan,-4.032258064516125451e-03,-5.645161290322575978e-03,0.000000000000000000e+00,nan,-4.032258064516125451e-03,nan,nan,nan,-1.451612903225809638e-02,nan,-2.338709677419363933e-02,-1.935483870967746878e-02,-5.645161290322575978e-03,nan,nan,nan,-1.370967741935484943e-02,nan,nan,nan,nan,nan,nan,nan,nan,nan,nan,nan,nan,0.000000000000000000e+00,-3.629032258064524008e-02,0.000000000000000000e+00,nan,-2.096774193548391757e-02,nan,nan,nan,nan,-1.774193548387099570e-02,-9.677419354838701429e-03,-6.451612903225800374e-03,-1.693548387096777130e-02,-2.419354838709684291e-02,nan,nan,-1.854838709677424438e-02,nan
-1.359999999999992291e-02,nan,3.200000000000024873e-03,nan,nan,nan,nan,-1.679999999999994692e-02,nan,nan,nan,4.000000000000003553e-03,nan,nan,-2.719999999999993603e-02,5.600000000000005147e-03,0.000000000000000000e+00,nan,8.000000000000006889e-04,nan,nan,nan,-2.239999999999993038e-02,nan,-1.039999999999996483e-02,-4.799999999999982232e-03,-1.919999999999992893e-02,nan,-5.759999999999994291e-02,8.800000000000007469e-03,nan,-6.559999999999995002e-02,nan,nan,nan,nan,1.440000000000001348e-02,nan,nan,nan,nan,nan,nan,0.000000000000000000e+00,-7.999999999999962003e-03,0.000000000000000000e+00,nan,nan,nan,nan,nan,nan,-4.079999999999994742e-02,-3.119999999999991530e-02,-4.319999999999994678e-02,-5.999999999999994227e-02,-1.600000000000001378e-03,nan,nan,-2.799999999999991385e-02,nan
nan,nan,-7.003891050583743727e-03,nan,nan,nan,nan,3.112840466926014744e-03,nan,nan,nan,-3.891050583657640512e-03,nan,nan,-2.256809338521403863e-02,7.782101167314702927e-04,0.000000000000000000e+00,nan,5.447470817120603215e-03,nan,nan,nan,nan,nan,-1.011673151750980271e-02,-6.225680933852147103e-02,-4.357976653696502695e-02,nan,-1.097276264591440231e-01,-7.782101167315369711e-04,4.669260700389065918e-03,-3.735408560311288817e-02,1.556420233462985038e-03,7.782101167314925188e-04,nan,nan,7.003891050583610153e-03,3.891050583657551607e-03,nan,nan,nan,nan,nan,0.000000000000000000e+00,-3.813229571984442373e-02,0.000000000000000000e+00,nan,nan,nan,nan,nan,nan,-1.089494163424129490e-02,-9.338521400778265411e-03,nan,-1.011673151750973193e-01,-8.560311284046750666e-03,nan,nan,-1.867704280155644408e-02,nan
nan,nan,6.425702811244948971e-03,nan,4.016064257028095601e-03,nan,1.044176706827304457e-02,6.425702811244926420e-03,nan,nan,nan,nan,nan,nan,-2.409638554216897606e-03,nan,0.000000000000000000e+00,nan,-3.212851405622552114e-03,nan,nan,nan,8.032128514055880469e-04,nan,-1.044176706827315559e-02,-2.329317269076309690e-02,-3.052208835341370038e-02,nan,-4.096385542168676924e-02,nan,7.228915662650559244e-03,-3.694779116465864849e-02,nan,nan,nan,nan,6.425702811244926420e-03,nan,nan,nan,nan,nan,nan,0.000000000000000000e+00,-1.686746987951812798e-02,0.000000000000000000e+00,nan,nan,nan,nan,nan,nan,-1.686746987951812798e-02,1.526104417670679468e-02,5.622489959839316147e-03,-4.738955823293176245e-02,-1.606425702811264998e-03,nan,nan,2.409638554216830819e-03,nan
6.745098039215688401e-02,nan,6.274509803921568367e-03,nan,2.666666666666666144e-02,nan,2.588235294117646745e-02,-3.921568627450966460e-03,nan,nan,nan,nan,2.352941176470601907e-03,nan,1.490196078431373951e-02,3.450980392156863946e-02,0.000000000000000000e+00,nan,nan,nan,nan,3.058823529411767300e-02,-2.352941176470579789e-03,nan,1.960784313725492251e-02,6.901960784313725117e-02,3.921568627450989011e-03,nan,3.137254901960795459e-03,nan,nan,nan,nan,nan,nan,nan,1.490196078431373951e-02,nan,nan,nan,nan,nan,nan,0.000000000000000000e+00,5.725490196078433097e-02,0.000000000000000000e+00,nan,-1.254901960784311418e-02,nan,nan,nan,nan,-2.509803921568627347e-02,1.647058823529410493e-02,nan,1.019607843137253569e-02,1.333333333333333072e-02,nan,nan,-1.568627450980364336e-03,nan
-1.551020408163266209e-02,nan,5.714285714285694331e-03,nan,nan,nan,2.448979591836697271e-03,1.224489795918366417e-02,nan,nan,nan,8.163265306122435838e-03,nan,nan,3.265306122448974509e-03,4.081632653061184959e-03,0.000000000000000000e+00,nan,9.795918367346945210e-03,nan,nan,nan,nan,nan,-2.040816326530612429e-02,nan,-1.142857142857143203e-02,nan,-1.224489795918368672e-02,-8.163265306122546860e-04,3.265306122448951957e-03,-6.530612244897970702e-03,nan,8.979591836734690524e-03,nan,nan,1.306122448979589803e-02,nan,nan,nan,nan,nan,nan,0.000000000000000000e+00,-2.204081632653060938e-02,0.000000000000000000e+00,nan,nan,nan,nan,nan,nan,-8.979591836734690524e-03,4.081632653061229195e-03,-5.714285714285738567e-03,-4.897959183673505565e-03,-4.897959183673483881e-03,nan,nan,-3.755102040816329229e-02,nan
3.875968992248068901e-03,nan,3.488372093023262011e-02,nan,1.395348837209304735e-02,nan,nan,2.480620155038764166e-02,nan,3.023255813953493881e-02,nan,nan,nan,nan,1.395348837209304735e-02,1.860465116279073211e-02,0.000000000000000000e+00,nan,1.472868217054266148e-02,nan,nan,2.558139534883725405e-02,-6.201550387596910414e-03,nan,-1.007751937984497845e-02,nan,-4.651162790697683028e-03,nan,-2.945736434108521193e-02,2.558139534883725405e-02,nan,nan,nan,nan,nan,nan,nan,-7.751937984496115250e-03,nan,nan,nan,nan,1.317829457364343496e-02,0.000000000000000000e+00,-2.015503875968989098e-02,0.000000000000000000e+00,nan,3.100775193798455207e-03,nan,nan,nan,nan,-9.302325581395343504e-03,-3.875968992248068901e-03,nan,-2.170542635658909841e-02,-3.100775193798455207e-03,nan,nan,1.007751937984497845e-02,nan
nan,nan,0.000000000000000000e+00,nan,nan,nan,6.037735849056602606e-03,2.264150943396226086e-03,nan,5.283018867924526955e-03,nan,-2.264150943396226086e-03,nan,nan,7.547169811320753258e-04,0.000000000000000000e+00,0.000000000000000000e+00,nan,7.547169811320753258e-04,nan,nan,nan,nan,nan,-2.641509433962263564e-02,-4.528301886792452172e-03,-6.792452830188677390e-03,nan,-2.641509433962263564e-02,-7.547169811320753258e-04,-2.264150943396226086e-03,nan,-1.132075471698112956e-02,-1.132075471698112956e-02,nan,nan,nan,nan,nan,nan,nan,nan,2.264150943396226086e-03,0.000000000000000000e+00,-8.301886792452828692e-03,0.000000000000000000e+00,nan,-6.792452830188677390e-03,nan,nan,nan,nan,6.037735849056602606e-03,-2.415094339622641043e-02,3.773584905660376521e-03,-3.773584905660376521e-02,-1.509433962264150608e-02,nan,nan,4.528301886792452172e-03,nan
nan,nan,1.048387096774192583e-02,nan,1.693548387096772620e-02,nan,3.387096774193545240e-02,1.693548387096772620e-02,nan,1.129032258064515196e-02,nan,nan,nan,nan,4.838709677419350715e-03,1.370967741935482688e-02,0.000000000000000000e+00,nan,1.129032258064515196e-02,nan,nan,nan,1.129032258064515196e-02,nan,-6.451612903225845477e-03,-2.016129032258073828e-02,-2.177419354838718707e-02,nan,-3.467741935483879129e-02,nan,1.129032258064515196e-02,nan,nan,nan,nan,nan,nan,nan,nan,nan,nan,nan,nan,0.000000000000000000e+00,-2.177419354838718707e-02,0.000000000000000000e+00,nan,-1.370967741935491535e-02,nan,nan,nan,nan,-1.693548387096783722e-02,2.419354838709675357e-03,-3.225806451612900187e-03,-3.145161290322588676e-02,-8.064516129032250468e-04,nan,nan,-4.758064516129038857e-02,nan
-8.396946564885520922e-03,nan,1.145038167938923143e-02,nan,nan,nan,nan,1.145038167938925398e-02,nan,nan,nan,-3.816793893129810742e-03,nan,nan,6.106870229007577144e-03,6.106870229007577144e-03,0.000000000000000000e+00,nan,3.816793893129721837e-03,nan,nan,nan,-3.816793893129810742e-03,nan,-3.053435114503866201e-03,nan,-7.633587786260110026e-04,nan,3.053435114503777296e-03,1.068702290076331031e-02,nan,nan,nan,nan,nan,nan,4.580152671755666378e-03,nan,nan,nan,nan,nan,-5.267175572519091492e-02,0.000000000000000000e+00,-5.038167938931303880e-02,0.000000000000000000e+00,nan,-9.160305343511487147e-03,nan,nan,nan,nan,6.106870229007577144e-03,-4.580152671755754849e-03,8.396946564885432451e-03,-9.160305343511487147e-03,2.290076335877788520e-03,nan,nan,1.526717557251904347e-02,nan
-1.698841698841700026e-02,nan,1.776061776061772443e-02,nan,-3.088803088803082717e-03,nan,nan,4.633204633204624293e-03,nan,-3.088803088803082717e-03,nan,nan,nan,nan,4.633204633204624293e-03,7.722007722007706793e-04,0.000000000000000000e+00,nan,-3.861003861003853288e-03,nan,nan,nan,1.544401544401541359e-03,nan,-2.162162162162166792e-02,nan,-1.544401544401543570e-02,nan,-7.722007722007706576e-03,1.544401544401541359e-03,-6.177606177606165434e-03,nan,nan,nan,nan,nan,nan,nan,nan,nan,nan,nan,nan,0.000000000000000000e+00,-2.007722007722012592e-02,0.000000000000000000e+00,nan,-1.003861003861001785e-02,nan,nan,nan,nan,-2.625482625482631477e-02,-6.949806949806958123e-03,2.316602316602312146e-03,-1.544401544401545825e-02,-5.405405405405394430e-03,nan,nan,-1.544401544401543570e-02,nan
-6.904761904761899660e-02,nan,4.126984126984130363e-02,nan,nan,nan,nan,4.047619047619053362e-02,nan,nan,nan,1.825396825396827932e-02,nan,nan,-3.174603174603163325e-03,1.587301587301590683e-02,0.000000000000000000e+00,nan,1.904761904761909097e-02,nan,nan,nan,1.349206349206351005e-02,nan,2.220446049250313204e-17,nan,-6.428571428571425161e-02,nan,-7.380952380952376934e-02,nan,6.031746031746032521e-02,nan,nan,nan,nan,nan,3.730158730158734948e-02,nan,nan,nan,nan,nan,nan,0.000000000000000000e+00,-4.603174603174600005e-02,0.000000000000000000e+00,nan,-2.380952380952377004e-02,nan,nan,nan,nan,1.428571428571434598e-02,3.968253968253998391e-03,4.126984126984130363e-02,-7.777777777777772350e-02,2.698412698412699928e-02,nan,nan,-8.730158730158721694e-03,nan
1.707317073170737734e-02,nan,-7.317073170731647029e-03,nan,8.130081300813385425e-04,nan,1.626016260162654967e-03,-8.943089430894302430e-03,nan,nan,nan,nan,nan,nan,8.130081300813385425e-04,-5.691056910569059282e-03,0.000000000000000000e+00,nan,3.252032520325221030e-03,1.463414634146345018e-02,nan,nan,-6.504065040650375273e-03,nan,-1.463414634146336171e-02,5.691056910569147753e-03,3.252032520325265266e-03,nan,6.504065040650442060e-03,4.065040650406537455e-03,8.130081300813163164e-04,nan,nan,nan,nan,nan,nan,nan,nan,nan,nan,nan,nan,0.000000000000000000e+00,1.544715447154474362e-02,0.000000000000000000e+00,nan,-3.252032520325132126e-03,nan,nan,nan,nan,0.000000000000000000e+00,-4.065040650406470668e-03,-1.626016260162566063e-03,3.252032520325265266e-03,8.943089430894368350e-03,nan,nan,8.130081300813385425e-04,nan
-1.422594142259419117e-02,nan,4.686192468619245627e-02,nan,5.857740585773996318e-03,nan,nan,2.008368200836816581e-02,nan,nan,nan,nan,nan,nan,7.531380753138017074e-03,nan,0.000000000000000000e+00,nan,1.004184100418406035e-02,nan,nan,nan,2.510460251045976057e-03,nan,-1.171548117154816958e-02,nan,-9.205020920502127169e-03,nan,-1.757322175732221187e-02,3.096234309623429118e-02,1.422594142259408015e-02,nan,nan,nan,nan,nan,2.426778242677820469e-02,1.673640167363954403e-03,nan,nan,nan,nan,nan,0.000000000000000000e+00,-1.255230125523014786e-02,0.000000000000000000e+00,nan,1.673640167363976737e-03,nan,nan,nan,nan,-2.677824267782429393e-02,2.510460251045976057e-03,nan,-6.694560669456128994e-03,-8.368200836820661060e-04,nan,nan,-1.338912133891216952e-02,nan
nan,nan,5.228215767634858402e-02,nan,nan,nan,nan,2.655601659751039012e-02,nan,nan,nan,2.821576763485478256e-02,6.639004149377636561e-03,nan,2.220446049250313204e-17,1.493775933609962046e-02,0.000000000000000000e+00,nan,nan,nan,nan,nan,-4.481327800829874863e-02,nan,-3.402489626556013530e-02,-2.987551867219910909e-02,-5.809128630705393675e-02,nan,-7.717842323651449843e-02,4.647302904564318965e-02,1.493775933609962046e-02,nan,nan,nan,nan,nan,5.311203319502075942e-02,nan,nan,nan,nan,nan,nan,0.000000000000000000e+00,-1.410788381742735832e-02,0.000000000000000000e+00,nan,-6.390041493775930337e-02,nan,nan,nan,nan,2.904564315352697879e-02,1.327800829875522802e-02,4.066390041493779528e-02,-8.464730290456427830e-02,1.991701244813279953e-02,nan,nan,1.161825726141079221e-02,nan
-1.846153846153846326e-02,nan,1.230769230769233023e-02,nan,1.153846153846152002e-02,nan,1.538461538461533039e-03,1.230769230769230768e-02,nan,9.230769230769198669e-03,nan,nan,nan,nan,0.000000000000000000e+00,5.384615384615387863e-03,0.000000000000000000e+00,nan,6.153846153846132157e-03,nan,nan,nan,-3.846153846153832490e-03,nan,-9.999999999999963779e-03,nan,2.307692307692299667e-03,nan,3.076923076923066078e-03,9.230769230769219486e-03,nan,8.461538461538454375e-03,nan,nan,nan,nan,nan,-1.230769230769226431e-02,nan,nan,nan,nan,-2.153846153846155145e-02,0.000000000000000000e+00,-2.846153846153847214e-02,0.000000000000000000e+00,nan,nan,nan,nan,nan,nan,-1.230769230769228686e-02,7.692307692307665196e-04,nan,nan,3.846153846153832490e-03,nan,nan,-7.692307692307664979e-03,nan
-1.370967741935482688e-02,nan,3.225806451612900187e-03,nan,nan,nan,9.677419354838701429e-03,8.064516129032250902e-03,nan,nan,nan,5.645161290322575978e-03,nan,nan,3.225806451612900187e-03,5.645161290322575978e-03,0.000000000000000000e+00,nan,nan,nan,nan,nan,1.048387096774192583e-02,nan,-1.532258064516127741e-02,nan,-6.451612903225800374e-03,nan,-5.806451612903220511e-02,1.774193548387095060e-02,nan,-2.983870967741932695e-02,nan,nan,nan,nan,2.499999999999997710e-02,1.370967741935482688e-02,nan,nan,nan,nan,nan,0.000000000000000000e+00,-6.451612903225800374e-03,0.000000000000000000e+00,nan,nan,nan,nan,nan,nan,4.838709677419350715e-03,1.129032258064515196e-02,nan,-3.306451612903223147e-02,-5.645161290322575978e-03,nan,nan,8.870967741935475298e-03,nan
nan,nan,3.265306122448951957e-03,nan,nan,nan,nan,1.387755102040815272e-02,nan,2.448979591836732833e-02,nan,4.081632653061184959e-03,nan,nan,-5.061224489795919379e-02,-2.040816326530616592e-02,0.000000000000000000e+00,-4.897959183673470523e-02,8.163265306122102338e-04,nan,nan,nan,-5.632653061224490720e-02,nan,-1.551020408163268291e-02,nan,-3.265306122448983356e-02,nan,-1.069387755102040732e-01,6.530612244897949017e-03,nan,nan,nan,nan,nan,nan,nan,3.510204081632652823e-02,nan,nan,nan,nan,-2.448979591836737343e-02,0.000000000000000000e+00,nan,0.000000000000000000e+00,nan,-8.326530612244900653e-02,nan,nan,nan,nan,-5.714285714285760251e-03,-5.387755102040818478e-02,nan,-1.053061224489795916e-01,-8.163265306122546860e-04,nan,nan,-1.061224489795919990e-02,nan
nan,nan,2.471042471042468255e-02,nan,nan,nan,6.177606177606165434e-03,3.011583011583005703e-02,nan,nan,nan,4.633204633204624293e-03,nan,nan,-9.266409266409269402e-03,-4.633204633204645977e-03,0.000000000000000000e+00,nan,nan,nan,nan,1.467181467181464215e-02,-2.084942084942087437e-02,nan,1.544401544401541359e-03,-2.393822393822397920e-02,-1.930501930501937746e-02,nan,-7.027027027027032968e-02,1.544401544401541315e-02,nan,nan,nan,nan,nan,nan,2.007722007722003571e-02,nan,nan,nan,nan,nan,-7.722007722007706576e-03,0.000000000000000000e+00,nan,0.000000000000000000e+00,nan,-1.698841698841702108e-02,nan,nan,nan,nan,1.003861003861001785e-02,-1.930501930501935665e-02,2.084942084942080845e-02,-6.640926640926643476e-02,-8.494208494208500132e-03,nan,nan,-3.243243243243247587e-02,nan
-1.615384615384620609e-02,nan,2.538461538461535966e-02,nan,8.461538461538409273e-03,nan,2.307692307692254998e-03,2.153846153846148553e-02,nan,1.461538461538456311e-02,nan,nan,nan,nan,6.153846153846087921e-03,-3.076923076923132432e-03,0.000000000000000000e+00,nan,3.076923076923066078e-03,nan,nan,nan,6.923076923076898134e-03,nan,-2.769230769230770356e-02,nan,-7.692307692307753450e-03,nan,7.692307692307442935e-04,1.153846153846152002e-02,6.153846153846109605e-03,nan,nan,nan,nan,nan,nan,nan,nan,nan,nan,nan,nan,0.000000000000000000e+00,-1.692307692307697467e-02,0.000000000000000000e+00,nan,-1.000000000000007480e-02,nan,nan,nan,nan,-1.923076923076927347e-02,3.846153846153810372e-03,nan,-1.230769230769235278e-02,-7.692307692308108635e-04,nan,nan,-6.923076923076987473e-03,nan
-7.575757575757569029e-03,nan,3.560606060606062023e-02,nan,1.666666666666665256e-02,nan,1.287878787878786804e-02,2.727272727272727140e-02,nan,4.545454545454541764e-03,nan,nan,nan,nan,7.575757575757569029e-03,1.818181818181816706e-02,0.000000000000000000e+00,nan,6.818181818181811779e-03,nan,nan,nan,-7.575757575757569246e-04,nan,-6.818181818181811779e-03,nan,-6.060606060606055397e-03,nan,-9.848484848484839044e-03,1.136363636363635354e-02,9.848484848484839044e-03,nan,nan,nan,nan,nan,nan,1.969696969696970237e-02,nan,nan,nan,nan,nan,0.000000000000000000e+00,-5.303030303030298147e-03,0.000000000000000000e+00,nan,-1.818181818181816706e-02,nan,nan,nan,nan,9.090909090909083529e-03,1.363636363636362356e-02,nan,-1.212121212121211079e-02,6.818181818181811779e-03,nan,nan,7.575757575757569029e-03,nan
2.952029520295207377e-02,nan,1.476014760147625936e-03,nan,nan,nan,1.402214022140226869e-02,1.845018450184503570e-02,nan,nan,nan,6.642066420664250251e-03,nan,nan,3.690036900369042614e-03,1.033210332103324733e-02,0.000000000000000000e+00,nan,5.904059040590414406e-03,nan,nan,nan,nan,nan,-4.428044280442767003e-03,3.247232472324725755e-02,9.594095940959456587e-03,nan,1.107011070110706062e-02,8.118081180811854286e-03,5.166051660516646216e-03,nan,nan,1.107011070110703807e-02,nan,nan,1.476014760147605943e-02,nan,nan,nan,nan,nan,4.428044280442806901e-02,0.000000000000000000e+00,2.730627306273068072e-02,0.000000000000000000e+00,nan,7.380073800738351942e-04,nan,nan,nan,nan,-7.380073800737951654e-03,5.166051660516646216e-03,-1.697416974169736401e-02,1.328413284132845540e-02,-5.166051660516557745e-03,nan,nan,8.118081180811854286e-03,nan
-2.204724409448817132e-02,nan,1.889763779527555559e-02,nan,nan,nan,3.149606299212592744e-03,1.968503937007870519e-02,nan,nan,nan,1.889763779527555559e-02,nan,nan,7.086614173228334215e-03,2.362204724409444449e-03,0.000000000000000000e+00,nan,2.362204724409444449e-03,nan,nan,nan,nan,nan,-2.125984251968504601e-02,nan,-5.511811023622037627e-03,nan,-1.181102362204722311e-02,7.086614173228334215e-03,5.511811023622037627e-03,nan,nan,-3.149606299212592744e-03,nan,nan,3.228346456692909872e-02,1.023622047244092739e-02,nan,nan,nan,nan,nan,0.000000000000000000e+00,-1.181102362204722311e-02,0.000000000000000000e+00,nan,-1.259842519685037097e-02,nan,nan,nan,nan,-3.700787401574805180e-02,0.000000000000000000e+00,nan,-1.417322834645666843e-02,4.724409448818888899e-03,nan,nan,1.574803149606296372e-03,nan
-2.178988326848250306e-02,nan,-5.447470817120603215e-03,nan,-2.334630350194544235e-03,nan,-2.334630350194544235e-03,4.669260700389111021e-03,nan,nan,nan,nan,nan,nan,5.447470817120603215e-03,4.669260700389088470e-03,0.000000000000000000e+00,nan,-2.334630350194544235e-03,nan,nan,nan,-1.167315175097272117e-02,nan,-2.412451361867704730e-02,-8.560311284046662195e-03,3.112840466926058980e-03,nan,-3.891050583657573725e-03,4.669260700389111021e-03,1.556420233463029490e-03,nan,nan,nan,nan,nan,0.000000000000000000e+00,7.782101167315147450e-04,nan,nan,nan,nan,-2.334630350194553255e-02,0.000000000000000000e+00,-2.256809338521399352e-02,0.000000000000000000e+00,nan,1.011673151750971424e-02,nan,nan,nan,nan,-1.011673151750969168e-02,7.003891050583655256e-03,nan,-3.112840466926058980e-03,-1.245136186770423592e-02,nan,nan,-1.245136186770423592e-02,nan
-4.149377593360981109e-03,nan,2.323651452282160523e-02,nan,nan,nan,4.315352697095438395e-02,3.402489626556017693e-02,nan,4.149377593360999150e-02,nan,1.659751037344399036e-02,nan,nan,2.157676348547721279e-02,7.468879668049810232e-03,0.000000000000000000e+00,nan,2.406639004149375635e-02,nan,nan,nan,nan,nan,6.639004149377614010e-03,nan,-4.979253112033177331e-03,nan,-5.062240663900414994e-02,2.655601659751039012e-02,2.240663900414940901e-02,nan,nan,7.468879668049810232e-03,nan,nan,nan,4.647302904564316883e-02,nan,nan,nan,nan,nan,0.000000000000000000e+00,-1.244813278008296588e-02,0.000000000000000000e+00,nan,1.244813278008300925e-02,nan,nan,nan,nan,2.572614107883819390e-02,1.410788381742742424e-02,nan,-3.651452282157672397e-02,1.410788381742742424e-02,nan,nan,3.319502074688807005e-03,nan
nan,nan,7.171314741035872235e-03,nan,nan,nan,-3.187250996015933337e-03,-4.780876494023899789e-03,nan,nan,nan,9.561752988047844681e-03,nan,nan,2.390438247011949895e-03,-7.968127490039833343e-04,0.000000000000000000e+00,nan,0.000000000000000000e+00,nan,nan,nan,-3.187250996015933337e-03,nan,-1.274900398406373335e-02,-2.470119521912348542e-02,7.968127490039833343e-04,nan,1.593625498007966669e-03,nan,-4.780876494023899789e-03,4.780876494023899789e-03,nan,nan,nan,nan,7.968127490039833343e-04,nan,nan,nan,nan,nan,-2.390438247011950068e-02,0.000000000000000000e+00,-2.788844621513941746e-02,0.000000000000000000e+00,nan,nan,nan,nan,nan,nan,-2.231075697211153466e-02,4.780876494023922341e-03,-4.780876494023878105e-03,-2.390438247011949895e-03,-1.752988047808763314e-02,nan,nan,-1.832669322709161788e-02,nan
-1.400778210116735388e-02,nan,5.836575875486380710e-02,nan,1.322957198443577322e-02,nan,-2.334630350194566353e-03,7.003891050583632705e-03,nan,nan,nan,nan,nan,nan,1.089494163424122898e-02,nan,0.000000000000000000e+00,nan,-6.225680933852162195e-03,nan,nan,nan,-3.891050583657617960e-03,nan,-1.322957198443581658e-02,nan,-1.789883268482492934e-02,nan,-1.322957198443583914e-02,1.556420233463029490e-02,1.245136186770425847e-02,nan,nan,nan,nan,nan,-2.220446049250313204e-17,nan,nan,nan,nan,nan,nan,0.000000000000000000e+00,-2.256809338521403863e-02,0.000000000000000000e+00,nan,-1.712062256809343541e-02,nan,nan,nan,nan,-1.945525291828795883e-02,-4.669260700389111021e-03,-3.891050583657595843e-03,-2.645914396887161235e-02,-1.245136186770430184e-02,nan,nan,1.478599221789880271e-02,nan
nan,nan,8.856088560885599925e-03,nan,9.594095940959390667e-03,nan,4.428044280442767003e-03,1.549815498154980507e-02,nan,4.428044280442788687e-03,nan,nan,nan,nan,-1.476014760147648054e-03,-7.380073800738351942e-04,0.000000000000000000e+00,nan,2.952029520295185085e-03,nan,nan,8.118081180811809183e-03,1.254612546125459874e-02,nan,-1.107011070110703807e-02,-1.697416974169740911e-02,-1.033210332103324733e-02,nan,-1.992619926199261718e-02,7.380073800737907419e-04,nan,nan,nan,nan,nan,nan,nan,nan,nan,nan,nan,nan,nan,0.000000000000000000e+00,-1.033210332103322651e-02,0.000000000000000000e+00,nan,-1.476014760147625936e-03,nan,nan,nan,nan,1.476014760147581484e-03,-1.549815498154982762e-02,-1.033210332103322651e-02,-1.845018450184505651e-02,-2.214022140221416461e-03,nan,nan,-1.476014760147625936e-03,nan
nan,nan,2.901960784313726421e-02,nan,nan,nan,nan,2.666666666666668226e-02,nan,2.980392156862745473e-02,nan,-1.568627450980386671e-03,nan,nan,-4.627450980392155966e-02,-7.843137254901933354e-04,0.000000000000000000e+00,nan,1.176470588235294448e-02,nan,nan,nan,nan,nan,-4.078431372549016359e-02,-3.450980392156861865e-02,-8.549019607843136304e-02,nan,-1.215686274509804043e-01,3.058823529411767300e-02,3.294117647058823067e-02,-9.333333333333330983e-02,nan,-4.392156862745096035e-02,nan,nan,nan,nan,nan,nan,nan,nan,nan,0.000000000000000000e+00,-7.215686274509799936e-02,0.000000000000000000e+00,nan,nan,nan,nan,nan,nan,3.529411764705885080e-02,-6.588235294117643359e-02,3.450980392156866028e-02,-1.113725490196078027e-01,-2.117647058823526190e-02,nan,nan,-6.588235294117646135e-02,nan
