-3.656307129798919142e-03,-2.925045703839157345e-03,-1.828153564899492965e-03,-1.828153564899515082e-03,-2.925045703839157345e-03,-1.828153564899470630e-03,-1.828153564899515082e-03,-5.484460694698323202e-03,-2.559414990859276880e-03,-4.387568555758680940e-03,-1.462522851919612066e-03,-1.462522851919612066e-03,-5.484460694698323202e-03,-1.828153564899515082e-03,-3.290676416819038243e-03,-1.828153564899515082e-03,-3.656307129798919142e-03,-2.925045703839157345e-03,-4.753199268738561405e-03,-4.021937842778799607e-03,-3.290676416819038243e-03,-1.828153564899492965e-03,-7.312614259598060329e-04,-2.193784277879395981e-03,-3.290676416819038243e-03,-2.559414990859276880e-03,-1.828153564899492965e-03,-5.484460694698323202e-03,-2.193784277879395981e-03,-2.559414990859276880e-03,-2.559414990859276880e-03,-1.828153564899492965e-03,-5.484460694698323202e-03,-2.925045703839135227e-03,-2.925045703839157345e-03,0.000000000000000000e+00,-2.559414990859276880e-03,1.828153564899404060e-03,-1.462522851919612066e-03,-3.656307129798919142e-03,-3.656307129798919142e-03,-1.828153564899515082e-03,-1.828153564899470630e-03,-3.656307129798919142e-03,-1.828153564899470630e-03,-3.656307129798919142e-03,-4.753199268738561405e-03,-3.290676416819038243e-03,-2.559414990859276880e-03,-1.828153564899515082e-03,-2.559414990859276880e-03,-2.559414990859276880e-03,-2.925045703839157345e-03,-2.925045703839157345e-03,1.828153564899404060e-03,-2.193784277879395981e-03,-4.021937842778799607e-03,-1.828153564899515082e-03,-2.193784277879373863e-03,-1.828153564899515082e-03,-2.925045703839157345e-03
0.000000000000000000e+00,0.000000000000000000e+00,-1.821493624772352327e-03,-1.092896174863433514e-03,0.000000000000000000e+00,0.000000000000000000e+00,2.185792349726756005e-03,3.642987249544260672e-04,-1.821493624772352327e-03,-2.914389799635763723e-03,0.000000000000000000e+00,0.000000000000000000e+00,-1.821493624772352327e-03,7.285974499088964784e-04,0.000000000000000000e+00,0.000000000000000000e+00,-3.642987249544704653e-04,0.000000000000000000e+00,-1.821493624772352327e-03,-3.642987249544704653e-04,-7.285974499089409306e-04,0.000000000000000000e+00,0.000000000000000000e+00,0.000000000000000000e+00,0.000000000000000000e+00,0.000000000000000000e+00,0.000000000000000000e+00,0.000000000000000000e+00,0.000000000000000000e+00,0.000000000000000000e+00,0.000000000000000000e+00,0.000000000000000000e+00,3.642987249544593631e-03,0.000000000000000000e+00,0.000000000000000000e+00,-1.457194899817881861e-03,-1.821493624772352327e-03,-1.821493624772352327e-03,7.285974499088964784e-04,2.185792349726733887e-03,0.000000000000000000e+00,0.000000000000000000e+00,0.000000000000000000e+00,-7.285974499089409306e-04,7.285974499088964784e-04,-1.821493624772352327e-03,3.642987249544593631e-03,0.000000000000000000e+00,0.000000000000000000e+00,-1.821493624772352327e-03,0.000000000000000000e+00,3.642987249544593631e-03,-1.457194899817881861e-03,0.000000000000000000e+00,-1.457194899817881861e-03,0.000000000000000000e+00,-7.285974499089409306e-04,0.000000000000000000e+00,3.642987249544593631e-03,-1.457194899817881861e-03,0.000000000000000000e+00
0.000000000000000000e+00,-3.795066413662229188e-03,0.000000000000000000e+00,1.518026565464869384e-03,0.000000000000000000e+00,0.000000000000000000e+00,5.313092979127099005e-03,3.795066413662118165e-04,0.000000000000000000e+00,-3.795066413662340427e-04,1.897533206831059083e-03,0.000000000000000000e+00,1.138519924098657567e-03,0.000000000000000000e+00,0.000000000000000000e+00,0.000000000000000000e+00,1.897533206831059083e-03,0.000000000000000000e+00,1.897533206831059083e-03,0.000000000000000000e+00,3.795066413662118165e-04,0.000000000000000000e+00,0.000000000000000000e+00,1.897533206831059083e-03,-4.440892098500626408e-17,1.138519924098613332e-03,0.000000000000000000e+00,0.000000000000000000e+00,0.000000000000000000e+00,0.000000000000000000e+00,0.000000000000000000e+00,0.000000000000000000e+00,3.795066413662118165e-04,0.000000000000000000e+00,1.897533206831059083e-03,1.897533206831081200e-03,0.000000000000000000e+00,4.174573055028396769e-03,1.897533206831059083e-03,1.897533206831059083e-03,3.795066413662118165e-04,1.897533206831059083e-03,0.000000000000000000e+00,0.000000000000000000e+00,-1.897533206831170105e-03,1.897533206831059083e-03,0.000000000000000000e+00,0.000000000000000000e+00,1.897533206831059083e-03,1.897533206831059083e-03,0.000000000000000000e+00,0.000000000000000000e+00,1.897533206831059083e-03,0.000000000000000000e+00,4.174573055028396769e-03,0.000000000000000000e+00,0.000000000000000000e+00,1.897533206831059083e-03,1.897533206831059083e-03,2.656546489563549503e-03,-3.795066413662229188e-03
-1.462522851919523161e-03,-3.656307129798808120e-03,-1.828153564899404060e-03,7.312614259598504852e-04,0.000000000000000000e+00,0.000000000000000000e+00,0.000000000000000000e+00,-2.559414990859165857e-03,-5.484460694698300651e-03,-3.290676416818927221e-03,0.000000000000000000e+00,0.000000000000000000e+00,-3.656307129798807903e-04,-9.506398537477100258e-03,0.000000000000000000e+00,0.000000000000000000e+00,-1.828153564899426178e-03,-3.290676416818927221e-03,-1.828153564899404060e-03,-8.043875685557510744e-03,1.828153564899515082e-03,3.656307129799030164e-04,0.000000000000000000e+00,-1.828153564899404060e-03,0.000000000000000000e+00,-3.656307129798808120e-03,0.000000000000000000e+00,-4.387568555758636704e-03,0.000000000000000000e+00,0.000000000000000000e+00,0.000000000000000000e+00,0.000000000000000000e+00,0.000000000000000000e+00,0.000000000000000000e+00,-2.193784277879284959e-03,-1.828153564899404060e-03,0.000000000000000000e+00,-1.828153564899404060e-03,-3.290676416818927221e-03,-1.828153564899448512e-03,0.000000000000000000e+00,-1.828153564899404060e-03,0.000000000000000000e+00,0.000000000000000000e+00,-2.925045703839068874e-03,-4.387568555758591601e-03,-3.656307129798808120e-03,0.000000000000000000e+00,-4.753199268738494618e-03,7.312614259598060329e-04,-2.559414990859210093e-03,3.656307129799474145e-04,0.000000000000000000e+00,0.000000000000000000e+00,-1.828153564899404060e-03,-7.312614259597615806e-04,-3.290676416818971890e-03,-1.828153564899404060e-03,-1.828153564899404060e-03,0.000000000000000000e+00,-3.656307129798808120e-03
3.669724770641646710e-04,0.000000000000000000e+00,1.100917431192627262e-03,2.935779816513761457e-03,0.000000000000000000e+00,0.000000000000000000e+00,1.100917431192627262e-03,-1.834862385321156530e-03,0.000000000000000000e+00,-1.321100917431194954e-02,3.302752293577970906e-03,0.000000000000000000e+00,1.834862385321045508e-03,0.000000000000000000e+00,0.000000000000000000e+00,0.000000000000000000e+00,7.339449541284182466e-04,7.339449541283960205e-04,1.834862385321045508e-03,-7.339449541284448313e-03,0.000000000000000000e+00,0.000000000000000000e+00,-7.339449541284848166e-04,0.000000000000000000e+00,3.669724770641868972e-04,1.834862385321045508e-03,0.000000000000000000e+00,0.000000000000000000e+00,0.000000000000000000e+00,0.000000000000000000e+00,3.669724770642091233e-04,0.000000000000000000e+00,0.000000000000000000e+00,1.834862385321045508e-03,1.834862385321045508e-03,-1.834862385321156530e-03,0.000000000000000000e+00,-3.302752293578015141e-03,1.100917431192649596e-03,0.000000000000000000e+00,0.000000000000000000e+00,3.669724770642091233e-04,-3.669724770642312952e-04,0.000000000000000000e+00,-1.467889908256880815e-02,0.000000000000000000e+00,-1.467889908256925181e-03,0.000000000000000000e+00,0.000000000000000000e+00,-6.972477064220217180e-03,3.669724770642091233e-04,3.669724770642202039e-03,1.100917431192605144e-03,3.669724770642091233e-04,3.669724770642091233e-04,0.000000000000000000e+00,0.000000000000000000e+00,1.834862385321045508e-03,1.834862385321045508e-03,-7.339449541284426629e-03,0.000000000000000000e+00
0.000000000000000000e+00,-2.205882352941168634e-03,-1.838235294117640528e-03,0.000000000000000000e+00,0.000000000000000000e+00,0.000000000000000000e+00,-1.838235294117640528e-03,0.000000000000000000e+00,-1.838235294117640528e-03,-1.838235294117640528e-03,0.000000000000000000e+00,0.000000000000000000e+00,-1.838235294117640528e-03,-1.838235294117640528e-03,0.000000000000000000e+00,0.000000000000000000e+00,0.000000000000000000e+00,-1.838235294117640528e-03,-1.838235294117640528e-03,-1.838235294117640528e-03,0.000000000000000000e+00,0.000000000000000000e+00,-1.838235294117640528e-03,-2.573529411764696739e-03,0.000000000000000000e+00,0.000000000000000000e+00,0.000000000000000000e+00,0.000000000000000000e+00,0.000000000000000000e+00,0.000000000000000000e+00,0.000000000000000000e+00,0.000000000000000000e+00,0.000000000000000000e+00,-1.838235294117640528e-03,0.000000000000000000e+00,0.000000000000000000e+00,0.000000000000000000e+00,0.000000000000000000e+00,1.102941176470584317e-03,0.000000000000000000e+00,0.000000000000000000e+00,0.000000000000000000e+00,-3.676470588235281056e-04,1.838235294117640528e-03,-1.838235294117640528e-03,0.000000000000000000e+00,-1.838235294117640528e-03,0.000000000000000000e+00,-1.838235294117640528e-03,7.352941176470562112e-04,-1.102941176470584317e-03,0.000000000000000000e+00,-1.838235294117640528e-03,0.000000000000000000e+00,3.676470588235281056e-04,0.000000000000000000e+00,0.000000000000000000e+00,-2.205882352941168634e-03,0.000000000000000000e+00,0.000000000000000000e+00,-2.205882352941168634e-03
-1.821493624772241304e-03,-5.464480874316834935e-03,0.000000000000000000e+00,3.642987249544704653e-04,0.000000000000000000e+00,0.000000000000000000e+00,0.000000000000000000e+00,-7.285974499089187045e-04,0.000000000000000000e+00,-3.642987249544593631e-03,1.821493624772352327e-03,0.000000000000000000e+00,-1.821493624772241304e-03,-1.457194899817792957e-03,0.000000000000000000e+00,0.000000000000000000e+00,-1.821493624772241304e-03,0.000000000000000000e+00,-1.821493624772241304e-03,-5.464480874316834935e-03,3.642987249544704653e-04,0.000000000000000000e+00,0.000000000000000000e+00,1.092896174863411396e-03,1.821493624772352327e-03,-1.457194899817792957e-03,0.000000000000000000e+00,-7.285974499088964784e-04,0.000000000000000000e+00,0.000000000000000000e+00,0.000000000000000000e+00,0.000000000000000000e+00,0.000000000000000000e+00,1.457194899817881861e-03,0.000000000000000000e+00,-1.821493624772241304e-03,0.000000000000000000e+00,-1.821493624772241304e-03,1.821493624772352327e-03,-3.642987249544482392e-04,1.821493624772352327e-03,1.821493624772352327e-03,0.000000000000000000e+00,0.000000000000000000e+00,-1.821493624772241304e-03,1.821493624772352327e-03,0.000000000000000000e+00,0.000000000000000000e+00,1.821493624772352327e-03,-1.821493624772241304e-03,-1.092896174863322491e-03,0.000000000000000000e+00,1.821493624772352327e-03,0.000000000000000000e+00,-1.821493624772241304e-03,0.000000000000000000e+00,0.000000000000000000e+00,3.642987249544704653e-04,1.821493624772352327e-03,-4.735883424407916556e-03,-5.464480874316834935e-03
7.130124777183332718e-04,0.000000000000000000e+00,1.069518716577544468e-03,8.199643493761144333e-03,2.220446049250313204e-17,2.220446049250313204e-17,1.782531194295899858e-03,1.069518716577544468e-03,0.000000000000000000e+00,-1.782531194295944310e-03,-1.069518716577544468e-03,0.000000000000000000e+00,7.130124777183554979e-04,1.069518716577566586e-03,1.069518716577566586e-03,1.069518716577566586e-03,1.426024955436710996e-03,4.634581105169299949e-03,1.782531194295899858e-03,-3.565062388591777598e-03,1.426024955436755448e-03,2.220446049250313204e-17,1.426024955436755448e-03,2.495543672014255247e-03,-7.130124777183777240e-04,2.495543672014233130e-03,7.130124777183777240e-04,-3.565062388592110882e-04,7.130124777183777240e-04,1.069518716577566586e-03,2.220446049250313204e-17,1.426024955436755448e-03,-1.426024955436733330e-03,0.000000000000000000e+00,7.130124777183332718e-04,-3.565062388591888620e-04,0.000000000000000000e+00,7.130124777183332718e-04,3.565062388591777598e-03,3.565062388591888620e-04,3.565062388591799716e-03,1.782531194295944310e-03,-2.139037433155066385e-03,-1.782531194295944310e-03,-7.130124777183554979e-04,4.634581105169321633e-03,1.069518716577566586e-03,1.426024955436755448e-03,0.000000000000000000e+00,0.000000000000000000e+00,2.220446049250313204e-17,1.426024955436710996e-03,7.130124777183554979e-04,3.565062388592110882e-04,3.565062388591888620e-04,-7.130124777183332718e-04,-3.921568627450966460e-03,-3.565062388591888620e-04,1.782531194295944310e-03,0.000000000000000000e+00,0.000000000000000000e+00
1.795332136445226823e-03,-7.899461400359108695e-03,-1.077199281867136007e-03,1.077199281867136007e-03,0.000000000000000000e+00,0.000000000000000000e+00,3.590664272890453645e-03,-5.385996409335791490e-03,-7.181328545781129336e-04,-4.667863554757678557e-03,1.795332136445226823e-03,0.000000000000000000e+00,2.513464991023317639e-03,-3.590664272890475763e-03,0.000000000000000000e+00,0.000000000000000000e+00,-2.872531418312362830e-03,0.000000000000000000e+00,0.000000000000000000e+00,-3.231597845601452690e-03,-3.590664272890453537e-04,-3.590664272890453537e-04,-3.590664272890453537e-04,-1.436265709156181415e-03,0.000000000000000000e+00,0.000000000000000000e+00,0.000000000000000000e+00,-1.436265709156181415e-03,-1.795332136445226823e-03,-1.077199281867136007e-03,0.000000000000000000e+00,-1.795332136445226823e-03,-1.436265709156181415e-03,0.000000000000000000e+00,0.000000000000000000e+00,0.000000000000000000e+00,0.000000000000000000e+00,-7.181328545780907074e-04,-3.949730700179521388e-03,-2.513464991023317639e-03,0.000000000000000000e+00,1.795332136445226823e-03,-3.590664272890453537e-04,0.000000000000000000e+00,0.000000000000000000e+00,3.590664272890453537e-04,-5.745062836624836682e-03,-1.795332136445226823e-03,-2.513464991023339756e-03,0.000000000000000000e+00,-3.590664272890453645e-03,-1.077199281867136007e-03,1.077199281867136007e-03,-1.795332136445226823e-03,3.590664272890453537e-04,-7.181328545780907074e-04,-3.590664272890453537e-04,-3.231597845601408454e-03,-1.795332136445226823e-03,-3.590664272890453537e-04,-7.181328545781018313e-03
-1.828153564899515082e-03,0.000000000000000000e+00,-5.484460694698434224e-03,0.000000000000000000e+00,0.000000000000000000e+00,-1.828153564899515082e-03,0.000000000000000000e+00,0.000000000000000000e+00,-5.484460694698434224e-03,0.000000000000000000e+00,0.000000000000000000e+00,0.000000000000000000e+00,0.000000000000000000e+00,-1.828153564899515082e-03,0.000000000000000000e+00,0.000000000000000000e+00,0.000000000000000000e+00,-1.828153564899515082e-03,-1.828153564899515082e-03,-1.828153564899515082e-03,0.000000000000000000e+00,0.000000000000000000e+00,0.000000000000000000e+00,0.000000000000000000e+00,0.000000000000000000e+00,-1.828153564899515082e-03,0.000000000000000000e+00,-1.828153564899515082e-03,0.000000000000000000e+00,0.000000000000000000e+00,0.000000000000000000e+00,0.000000000000000000e+00,0.000000000000000000e+00,0.000000000000000000e+00,-1.828153564899515082e-03,0.000000000000000000e+00,0.000000000000000000e+00,0.000000000000000000e+00,0.000000000000000000e+00,0.000000000000000000e+00,-3.656307129799030164e-04,0.000000000000000000e+00,0.000000000000000000e+00,0.000000000000000000e+00,0.000000000000000000e+00,0.000000000000000000e+00,0.000000000000000000e+00,0.000000000000000000e+00,-3.290676416819038243e-03,0.000000000000000000e+00,0.000000000000000000e+00,0.000000000000000000e+00,-1.828153564899515082e-03,0.000000000000000000e+00,0.000000000000000000e+00,0.000000000000000000e+00,0.000000000000000000e+00,-3.656307129798919142e-03,0.000000000000000000e+00,0.000000000000000000e+00,0.000000000000000000e+00
-2.205882352941168634e-03,-5.882352941176449690e-03,-5.514705882352921584e-03,3.676470588235281056e-04,1.470588235294112422e-03,-9.191176470588202640e-03,3.308823529411752951e-03,-1.470588235294121270e-02,-3.308823529411752951e-03,-1.286764705882359472e-02,5.514705882352921584e-03,-3.308823529411752951e-03,1.102941176470584317e-03,-5.147058823529393479e-03,1.470588235294112422e-03,-3.676470588235281056e-03,2.205882352941168634e-03,-7.352941176470562112e-04,0.000000000000000000e+00,-1.176470588235296530e-02,-4.044117647058809162e-03,-8.088235294117618324e-03,-1.286764705882359472e-02,3.676470588235281056e-03,3.676470588235281056e-03,-7.352941176470562112e-04,-5.882352941176449690e-03,-8.823529411764674535e-03,-3.308823529411752951e-03,-2.941176470588224845e-03,-3.308823529411752951e-03,-8.455882352941146429e-03,3.676470588235281056e-03,-1.286764705882359472e-02,1.838235294117640528e-03,-2.205882352941190751e-03,-1.102941176470584317e-02,1.838235294117640528e-03,-5.882352941176449690e-03,1.838235294117640528e-03,0.000000000000000000e+00,3.308823529411752951e-03,-3.308823529411752951e-03,-3.308823529411752951e-03,-5.882352941176449690e-03,3.308823529411752951e-03,-1.102941176470590909e-02,-8.455882352941146429e-03,-9.191176470588225192e-03,-4.779411764705909609e-03,-8.088235294117618324e-03,3.676470588235281056e-03,-6.617647058823505901e-03,-5.882352941176449690e-03,1.838235294117640528e-03,-3.676470588235281056e-03,-1.139705882352939383e-02,-7.720588235294112769e-03,2.941176470588224845e-03,-1.176470588235294448e-02,-7.352941176470628899e-03
-7.042253521126973443e-04,1.760563380281632284e-03,-7.042253521127195704e-04,1.056338028168979284e-03,-3.521126760563486721e-04,3.521126760563264460e-04,-3.521126760563486721e-04,0.000000000000000000e+00,7.042253521126528920e-04,-1.056338028169046071e-03,1.760563380281632284e-03,-1.760563380281743306e-03,-3.521126760563486721e-04,0.000000000000000000e+00,-1.056338028169046071e-03,-1.408450704225394689e-03,-1.056338028169046071e-03,-1.408450704225394689e-03,0.000000000000000000e+00,1.056338028168979284e-03,-1.408450704225394689e-03,-1.056338028169046071e-03,-3.521126760563930702e-04,0.000000000000000000e+00,-4.440892098500626408e-17,-1.408450704225394689e-03,-3.521126760563486721e-04,0.000000000000000000e+00,-7.042253521126973443e-04,-1.056338028169046071e-03,-1.056338028169046071e-03,-7.042253521126973443e-04,0.000000000000000000e+00,-1.760563380281743306e-03,-1.408450704225350236e-03,-1.760563380281743306e-03,-1.760563380281743306e-03,1.408450704225305784e-03,-2.220446049250313204e-17,0.000000000000000000e+00,-1.408450704225350236e-03,-1.056338028169046071e-03,-4.440892098500626408e-17,-1.760563380281743306e-03,-3.521126760563375591e-03,0.000000000000000000e+00,0.000000000000000000e+00,-1.056338028169046071e-03,-1.056338028169046071e-03,1.760563380281654402e-03,0.000000000000000000e+00,1.760563380281654402e-03,7.746478873239426299e-03,0.000000000000000000e+00,-1.760563380281743306e-03,-1.056338028169046071e-03,-1.760563380281743306e-03,3.521126760563353473e-03,1.056338028168979284e-03,-1.760563380281743306e-03,1.760563380281632284e-03
0.000000000000000000e+00,-1.436265709156270319e-03,-2.154398563734383036e-03,-7.181328545781351597e-04,0.000000000000000000e+00,1.795332136445226823e-03,2.154398563734272014e-03,0.000000000000000000e+00,-1.795332136445337845e-03,-1.795332136445337845e-03,3.590664272890453537e-04,0.000000000000000000e+00,0.000000000000000000e+00,-1.436265709156247985e-03,0.000000000000000000e+00,0.000000000000000000e+00,-1.436265709156270319e-03,-1.795332136445337845e-03,-1.795332136445337845e-03,1.795332136445226823e-03,0.000000000000000000e+00,0.000000000000000000e+00,0.000000000000000000e+00,-1.795332136445337845e-03,0.000000000000000000e+00,-1.795332136445337845e-03,-3.590664272890675798e-04,-1.795332136445337845e-03,0.000000000000000000e+00,-1.795332136445337845e-03,0.000000000000000000e+00,0.000000000000000000e+00,-1.795332136445337845e-03,0.000000000000000000e+00,-1.795332136445337845e-03,1.795332136445226823e-03,-4.440892098500626408e-17,1.436265709156181415e-03,-3.590664272890675798e-04,-1.795332136445337845e-03,-1.795332136445337845e-03,0.000000000000000000e+00,-1.436265709156270319e-03,0.000000000000000000e+00,-1.436265709156270319e-03,1.077199281867136007e-03,0.000000000000000000e+00,0.000000000000000000e+00,0.000000000000000000e+00,-1.436265709156270319e-03,0.000000000000000000e+00,0.000000000000000000e+00,0.000000000000000000e+00,-3.590664272890675798e-04,1.436265709156181415e-03,0.000000000000000000e+00,0.000000000000000000e+00,-1.795332136445337845e-03,0.000000000000000000e+00,-1.077199281867224911e-03,-1.795332136445337845e-03
1.423487544484003430e-03,2.846975088967962191e-03,-3.202846975088990966e-03,1.423487544484025548e-03,-7.117437722419905476e-04,0.000000000000000000e+00,-1.779359430604987536e-03,-8.896797153024937899e-03,-4.270462633451965404e-03,-3.914590747330959179e-03,0.000000000000000000e+00,0.000000000000000000e+00,7.117437722419905476e-04,0.000000000000000000e+00,-3.558718861210063869e-04,0.000000000000000000e+00,0.000000000000000000e+00,2.846975088967962191e-03,3.914590747330981731e-03,-2.135231316725993977e-03,-2.491103202846978084e-03,-2.491103202846978084e-03,0.000000000000000000e+00,0.000000000000000000e+00,2.491103202846978084e-03,3.558718861209997190e-03,0.000000000000000000e+00,2.135231316725971860e-03,0.000000000000000000e+00,-1.423487544483981095e-03,-1.423487544484003430e-03,0.000000000000000000e+00,3.202846975089013084e-03,0.000000000000000000e+00,1.067615658362974871e-03,0.000000000000000000e+00,-3.558718861210063869e-04,0.000000000000000000e+00,-3.558718861209952955e-03,0.000000000000000000e+00,-1.423487544483981095e-03,0.000000000000000000e+00,0.000000000000000000e+00,-7.117437722419905476e-04,-2.135231316726016095e-03,3.558718861210286130e-04,-3.202846975088968848e-03,3.558718861210063869e-04,-7.473309608540912134e-03,-2.491103202847022753e-03,0.000000000000000000e+00,0.000000000000000000e+00,-6.405693950177959381e-03,0.000000000000000000e+00,0.000000000000000000e+00,0.000000000000000000e+00,-1.779359430604987536e-03,-3.558718861209952955e-03,0.000000000000000000e+00,-3.202846975088968848e-03,1.779359430604965419e-03
3.724394785847295886e-03,1.862197392923592432e-03,2.234636871508377531e-03,7.448789571694591771e-04,0.000000000000000000e+00,2.979515828677836708e-03,3.724394785847295886e-03,2.607076350093073727e-03,2.979515828677836708e-03,3.724394785847295886e-03,-1.862197392923703454e-03,0.000000000000000000e+00,3.724394785847295886e-03,1.489757914338873902e-03,7.448789571694591771e-04,0.000000000000000000e+00,-1.489757914338962807e-03,1.489757914338896237e-03,1.862197392923592432e-03,3.724394785847295886e-03,-1.862197392923703454e-03,0.000000000000000000e+00,3.724394785847184755e-04,1.862197392923592432e-03,7.448789571694591771e-04,3.724394785847295886e-03,7.448789571694591771e-04,1.862197392923592432e-03,3.724394785847184755e-04,1.489757914338918354e-03,0.000000000000000000e+00,3.724394785847184755e-04,3.351955307262555021e-03,7.448789571694591771e-04,7.448789571694591771e-04,1.489757914338873902e-03,3.724394785847295886e-03,3.724394785847184755e-04,7.448789571694591771e-04,3.351955307262555021e-03,3.351955307262555021e-03,1.862197392923592432e-03,3.724394785847295886e-03,1.489757914338896237e-03,3.724394785847295886e-03,0.000000000000000000e+00,3.351955307262555021e-03,0.000000000000000000e+00,1.862197392923592432e-03,3.724394785846740774e-04,2.234636871508355414e-03,3.724394785847295886e-03,2.234636871508333296e-03,2.607076350093095844e-03,3.724394785847184755e-04,0.000000000000000000e+00,1.862197392923592432e-03,3.724394785847295886e-03,1.862197392923592432e-03,1.862197392923592432e-03,1.862197392923592432e-03
2.990654205607512495e-03,-3.738317757009390618e-04,1.121495327102817186e-03,3.738317757009390618e-04,1.495327102803756247e-03,-2.616822429906506646e-03,1.869158878504695309e-03,0.000000000000000000e+00,-5.607476635513974905e-03,-1.869158878504695309e-03,1.121495327102817186e-03,1.495327102803756247e-03,3.738317757009390618e-03,-2.242990654205590136e-03,7.476635514018781237e-04,-3.738317757009168357e-04,7.476635514018781237e-04,7.476635514018670214e-03,7.476635514018781237e-04,-3.364485981308362652e-03,0.000000000000000000e+00,-3.738317757009168357e-04,1.869158878504673191e-03,-3.738317757009390618e-04,4.859813084112207804e-03,7.476635514018670214e-03,7.476635514018781237e-04,7.476635514018670214e-03,2.616822429906551315e-03,-2.990654205607468259e-03,1.121495327102817186e-03,2.242990654205634371e-03,5.233644859813080079e-03,1.121495327102817186e-03,7.476635514018670214e-03,-7.476635514018781237e-04,0.000000000000000000e+00,0.000000000000000000e+00,-1.869158878504695309e-03,1.495327102803756247e-03,4.859813084112207804e-03,0.000000000000000000e+00,-3.738317757009168357e-04,7.476635514018781237e-04,-3.738317757009279596e-03,1.121495327102817186e-03,-1.869158878504650857e-03,2.990654205607512495e-03,-5.607476635513974905e-03,7.476635514018781237e-04,7.476635514018781237e-04,0.000000000000000000e+00,-1.869158878504695309e-03,0.000000000000000000e+00,0.000000000000000000e+00,1.495327102803756247e-03,-2.990654205607423590e-03,3.738317757009390618e-03,-1.121495327102817186e-03,1.869158878504695309e-03,1.495327102803734130e-03
0.000000000000000000e+00,-1.808318264014507903e-03,0.000000000000000000e+00,0.000000000000000000e+00,0.000000000000000000e+00,0.000000000000000000e+00,1.084990958408638129e-03,0.000000000000000000e+00,0.000000000000000000e+00,0.000000000000000000e+00,0.000000000000000000e+00,0.000000000000000000e+00,0.000000000000000000e+00,0.000000000000000000e+00,0.000000000000000000e+00,0.000000000000000000e+00,0.000000000000000000e+00,0.000000000000000000e+00,-1.808318264014507903e-03,7.233273056057587524e-04,0.000000000000000000e+00,0.000000000000000000e+00,0.000000000000000000e+00,-1.808318264014507903e-03,0.000000000000000000e+00,0.000000000000000000e+00,0.000000000000000000e+00,0.000000000000000000e+00,0.000000000000000000e+00,0.000000000000000000e+00,0.000000000000000000e+00,0.000000000000000000e+00,0.000000000000000000e+00,0.000000000000000000e+00,0.000000000000000000e+00,-1.808318264014507903e-03,0.000000000000000000e+00,-7.233273056058032047e-04,-2.531645569620310891e-03,0.000000000000000000e+00,0.000000000000000000e+00,-1.808318264014507903e-03,0.000000000000000000e+00,0.000000000000000000e+00,3.616636528028793762e-04,-1.808318264014507903e-03,0.000000000000000000e+00,0.000000000000000000e+00,0.000000000000000000e+00,0.000000000000000000e+00,0.000000000000000000e+00,0.000000000000000000e+00,3.616636528028793762e-04,0.000000000000000000e+00,-1.808318264014507903e-03,0.000000000000000000e+00,-3.616636528029016024e-04,0.000000000000000000e+00,0.000000000000000000e+00,0.000000000000000000e+00,-1.808318264014507903e-03
0.000000000000000000e+00,1.818181818181718867e-03,1.818181818181718867e-03,1.454545454545419546e-03,0.000000000000000000e+00,0.000000000000000000e+00,1.090909090909031320e-03,3.636363636363548757e-03,1.454545454545375094e-03,-1.236363636363644290e-02,0.000000000000000000e+00,0.000000000000000000e+00,1.454545454545375094e-03,3.272727272727182866e-03,0.000000000000000000e+00,0.000000000000000000e+00,1.818181818181718867e-03,0.000000000000000000e+00,3.636363636363548757e-03,0.000000000000000000e+00,7.272727272726875469e-04,1.454545454545375094e-03,0.000000000000000000e+00,1.818181818181718867e-03,-1.818181818181829890e-03,-2.181818181818195781e-03,0.000000000000000000e+00,-9.090909090909149448e-03,0.000000000000000000e+00,3.636363636363437735e-04,1.090909090909031320e-03,7.272727272726875469e-04,1.454545454545375094e-03,0.000000000000000000e+00,-1.818181818181829890e-03,2.909090909090839092e-03,-3.636363636363659996e-04,-3.636363636363659996e-04,0.000000000000000000e+00,1.818181818181718867e-03,0.000000000000000000e+00,1.454545454545419546e-03,0.000000000000000000e+00,-3.636363636363659996e-04,0.000000000000000000e+00,1.454545454545397212e-03,3.636363636363548757e-03,0.000000000000000000e+00,1.454545454545375094e-03,2.909090909090816975e-03,0.000000000000000000e+00,7.272727272727097731e-04,-6.909090909090953234e-03,0.000000000000000000e+00,1.818181818181718867e-03,0.000000000000000000e+00,-7.636363636363685883e-03,2.181818181818084759e-03,0.000000000000000000e+00,3.636363636363548757e-03,1.818181818181718867e-03
7.504690431519688964e-04,0.000000000000000000e+00,3.752345215759733893e-04,5.253283302063760374e-03,0.000000000000000000e+00,0.000000000000000000e+00,2.251407129455862237e-03,-7.504690431519911225e-04,-3.752345215759844699e-03,0.000000000000000000e+00,0.000000000000000000e+00,0.000000000000000000e+00,7.129455909943693999e-03,-2.626641651031902305e-03,0.000000000000000000e+00,0.000000000000000000e+00,0.000000000000000000e+00,0.000000000000000000e+00,5.628517823639711537e-03,-3.752345215759955613e-04,0.000000000000000000e+00,-3.752345215759955613e-04,-1.876172607879977861e-03,-1.876172607879977861e-03,0.000000000000000000e+00,0.000000000000000000e+00,0.000000000000000000e+00,0.000000000000000000e+00,0.000000000000000000e+00,0.000000000000000000e+00,0.000000000000000000e+00,0.000000000000000000e+00,0.000000000000000000e+00,-1.876172607879977861e-03,0.000000000000000000e+00,0.000000000000000000e+00,0.000000000000000000e+00,0.000000000000000000e+00,1.500938086303893557e-03,-1.125703564727986630e-03,0.000000000000000000e+00,-1.876172607879977861e-03,0.000000000000000000e+00,-1.876172607879977861e-03,0.000000000000000000e+00,7.504690431519688964e-04,-3.752345215759844699e-03,0.000000000000000000e+00,-2.251407129455929024e-03,1.125703564727942394e-03,0.000000000000000000e+00,0.000000000000000000e+00,1.500938086303893557e-03,0.000000000000000000e+00,0.000000000000000000e+00,0.000000000000000000e+00,0.000000000000000000e+00,-1.876172607879977861e-03,-1.125703564727986630e-03,5.628517823639711537e-03,0.000000000000000000e+00
1.818181818181740985e-03,1.454545454545397212e-03,1.454545454545397212e-03,4.181818181818175439e-02,3.636363636363437735e-04,3.636363636363437735e-04,2.909090909090816975e-03,3.636363636363437735e-04,1.818181818181718867e-03,1.090909090909031320e-03,3.636363636363548757e-03,7.272727272726875469e-04,1.818181818181718867e-03,1.818181818181718867e-03,3.636363636363437735e-04,8.727272727272694652e-03,8.363636363636350879e-03,1.454545454545375094e-03,1.818181818181718867e-03,7.272727272726875469e-04,3.636363636363437735e-04,3.636363636363437735e-04,1.090909090909031320e-03,1.818181818181718867e-03,1.818181818181718867e-03,1.054545454545445862e-02,3.636363636363437735e-04,1.818181818181718867e-03,1.818181818181718867e-03,1.818181818181763320e-03,0.000000000000000000e+00,3.636363636363437735e-04,3.636363636363215473e-04,3.636363636363437735e-04,9.454545454545382199e-03,3.636363636363437735e-04,2.909090909090861210e-03,7.272727272726875469e-04,1.818181818181718867e-03,1.090909090909009203e-03,1.818181818181718867e-03,2.545454545454450650e-03,1.090909090909031320e-03,9.090909090909060977e-03,3.636363636363437735e-04,0.000000000000000000e+00,1.818181818181718867e-03,1.090909090909031320e-03,3.272727272727182866e-03,1.163636363636362178e-02,0.000000000000000000e+00,8.363636363636350879e-03,1.818181818181718867e-03,3.636363636363437735e-04,7.272727272726875469e-04,3.636363636363437735e-04,1.818181818181718867e-03,3.636363636363437735e-04,1.818181818181718867e-03,5.818181818181766655e-03,3.636363636363437735e-04
4.727272727272646864e-03,-3.636363636363659779e-03,-1.818181818181829890e-03,4.727272727272646864e-03,4.363636363636280539e-03,3.999999999999915082e-03,7.272727272727208536e-03,1.090909090909031320e-03,-1.818181818181829890e-03,3.272727272727182866e-03,7.272727272726875469e-04,4.727272727272646864e-03,3.999999999999915082e-03,3.272727272727182866e-03,3.272727272727204983e-03,3.636363636363437735e-04,5.454545454545378647e-03,3.636363636363548757e-03,2.909090909090816975e-03,7.272727272727208536e-03,5.454545454545378647e-03,7.272727272726875469e-04,4.727272727272646864e-03,2.181818181818151545e-03,3.272727272727182866e-03,5.090909090909012322e-03,4.727272727272646864e-03,6.909090909090842211e-03,5.090909090909012322e-03,-7.272727272727541169e-04,7.272727272726875469e-04,3.999999999999936766e-03,6.909090909090842211e-03,5.454545454545378647e-03,5.818181818181744971e-03,0.000000000000000000e+00,2.181818181818084759e-03,0.000000000000000000e+00,5.090909090909012322e-03,6.545454545454476754e-03,-1.090909090909097890e-03,5.454545454545378647e-03,4.363636363636280539e-03,5.454545454545378647e-03,4.363636363636280539e-03,3.636363636363548757e-03,6.181818181818110429e-03,2.181818181818129428e-03,-1.818181818181829890e-03,0.000000000000000000e+00,6.181818181818110429e-03,3.636363636363548757e-03,3.636363636363548757e-03,5.090909090909012322e-03,1.818181818181718867e-03,4.363636363636280539e-03,3.999999999999915082e-03,-1.818181818181829890e-03,6.909090909090842211e-03,1.454545454545375094e-03,-2.909090909090927997e-03
0.000000000000000000e+00,3.759398496240629051e-03,3.759398496240629051e-03,1.127819548872199817e-03,2.631578947368451351e-03,2.255639097744377517e-03,2.631578947368451351e-03,3.007518796992503067e-03,1.503759398496273868e-03,1.503759398496251534e-03,1.503759398496251534e-03,2.631578947368451351e-03,1.503759398496251534e-03,3.007518796992503067e-03,3.759398496240629051e-03,1.879699248120325584e-03,3.759398496240629051e-03,0.000000000000000000e+00,3.759398496240629051e-03,3.759398496240629051e-03,2.255639097744377517e-03,1.503759398496251534e-03,2.255639097744377517e-03,1.503759398496251534e-03,3.759398496240739965e-04,0.000000000000000000e+00,2.255639097744377517e-03,0.000000000000000000e+00,3.759398496240629051e-03,1.503759398496251534e-03,0.000000000000000000e+00,1.127819548872199817e-03,3.759398496240739965e-04,7.518796992481257668e-04,0.000000000000000000e+00,3.759398496240629051e-03,1.503759398496251534e-03,3.759398496240629051e-03,3.007518796992503067e-03,3.007518796992503067e-03,0.000000000000000000e+00,1.503759398496251534e-03,1.879699248120325584e-03,3.007518796992503067e-03,1.503759398496251534e-03,1.879699248120303466e-03,2.255639097744377517e-03,3.007518796992503067e-03,3.759398496240629051e-03,3.383458646616577335e-03,3.007518796992503067e-03,4.135338345864702884e-03,3.007518796992503067e-03,2.255639097744377517e-03,3.759398496240629051e-03,2.631578947368451351e-03,2.255639097744377517e-03,3.759398496240629051e-03,0.000000000000000000e+00,4.135338345864681200e-03,3.759398496240629051e-03
1.478743068391841263e-03,-5.545286506469571108e-03,0.000000000000000000e+00,2.957486136783660409e-03,7.393715341958984055e-04,-7.393715341959428578e-04,1.848428835489746014e-03,1.848428835489746014e-03,0.000000000000000000e+00,-1.848428835489857036e-03,1.848428835489746014e-03,0.000000000000000000e+00,-1.478743068391885716e-03,0.000000000000000000e+00,0.000000000000000000e+00,0.000000000000000000e+00,0.000000000000000000e+00,0.000000000000000000e+00,-3.696857670980379989e-04,0.000000000000000000e+00,7.393715341958984055e-04,0.000000000000000000e+00,-1.848428835489857036e-03,-2.587800369685799677e-03,1.478743068391796811e-03,3.696857670979492028e-04,0.000000000000000000e+00,1.109057301293847608e-03,0.000000000000000000e+00,0.000000000000000000e+00,0.000000000000000000e+00,0.000000000000000000e+00,0.000000000000000000e+00,-1.848428835489857036e-03,0.000000000000000000e+00,-3.696857670979714072e-03,0.000000000000000000e+00,3.696857670979603050e-03,-1.848428835489857036e-03,1.109057301293825491e-03,3.696857670979492028e-04,-1.848428835489857036e-03,3.696857670979492028e-04,-1.848428835489857036e-03,-1.848428835489857036e-03,-3.696857670979714072e-03,-1.848428835489857036e-03,0.000000000000000000e+00,0.000000000000000000e+00,3.696857670979603050e-03,0.000000000000000000e+00,2.587800369685688655e-03,3.696857670979492028e-04,0.000000000000000000e+00,3.696857670979269766e-04,0.000000000000000000e+00,3.696857670979492028e-04,0.000000000000000000e+00,-1.848428835489857036e-03,3.696857670979269766e-04,-5.545286506469571108e-03
1.782531194295833288e-03,-6.417112299465265943e-03,-8.912655971479499506e-03,1.782531194295833288e-03,-1.782531194295899858e-03,0.000000000000000000e+00,-3.565062388592332601e-04,-1.426024955436733330e-03,-8.912655971479499506e-03,-1.426024955436722141e-02,-2.495543672014322034e-03,-6.417112299465265943e-03,-4.634581105169388419e-03,-3.208556149732655523e-03,0.000000000000000000e+00,-1.782531194295899858e-03,1.782531194295833288e-03,1.782531194295833288e-03,-4.278074866310222109e-03,0.000000000000000000e+00,-5.347593582887744459e-03,-2.852049910873466661e-03,-4.440892098500626408e-17,-1.426024955436777566e-03,-1.426024955436755448e-03,1.782531194295833288e-03,-1.426024955436755448e-03,-3.565062388591866503e-03,3.565062388591666359e-04,-6.060606060606077081e-03,-1.426024955436733330e-03,-4.634581105169344184e-03,1.426024955436666544e-03,-1.782531194295944310e-03,1.782531194295833288e-03,-6.417112299465288494e-03,-6.060606060606099632e-03,-1.426024955436722141e-02,0.000000000000000000e+00,0.000000000000000000e+00,-4.991087344028577281e-03,1.782531194295833288e-03,-3.565062388591888620e-04,1.782531194295833288e-03,-3.565062388591888620e-03,1.782531194295833288e-03,-1.426024955436733330e-03,-7.130124777183777240e-04,-4.634581105169388419e-03,-1.426024955436722141e-02,0.000000000000000000e+00,1.426024955436666544e-03,-1.354723707664888879e-02,0.000000000000000000e+00,-3.208556149732699758e-03,-6.417112299465265943e-03,-1.782531194295944310e-03,-1.212121212121215416e-02,1.782531194295833288e-03,-1.426024955436722141e-02,-5.347593582887721908e-03
1.821493624772241304e-03,-5.100182149362498044e-03,1.821493624772241304e-03,1.821493624772241304e-03,0.000000000000000000e+00,1.821493624772241304e-03,0.000000000000000000e+00,1.821493624772241304e-03,1.821493624772241304e-03,3.642987249544482392e-04,3.642987249544482392e-04,0.000000000000000000e+00,-1.821493624772352327e-03,-1.821493624772352327e-03,0.000000000000000000e+00,7.285974499088964784e-04,7.285974499088964784e-04,1.821493624772241304e-03,-5.464480874316945958e-03,-1.821493624772352327e-03,1.457194899817815291e-03,1.092896174863344826e-03,1.821493624772241304e-03,0.000000000000000000e+00,4.735883424407960791e-03,3.278688524590123166e-03,0.000000000000000000e+00,3.278688524590123166e-03,0.000000000000000000e+00,1.457194899817792957e-03,7.285974499088964784e-04,3.642987249544482392e-04,1.821493624772241304e-03,1.821493624772241304e-03,0.000000000000000000e+00,1.821493624772285757e-03,1.457194899817815291e-03,0.000000000000000000e+00,0.000000000000000000e+00,0.000000000000000000e+00,-7.285974499089409306e-04,0.000000000000000000e+00,1.821493624772241304e-03,1.821493624772241304e-03,-3.642987249544704653e-03,1.821493624772241304e-03,1.821493624772241304e-03,0.000000000000000000e+00,1.821493624772241304e-03,1.092896174863344826e-03,1.821493624772241304e-03,7.285974499089187045e-04,3.642987249544482392e-04,1.092896174863344826e-03,3.278688524590123166e-03,0.000000000000000000e+00,1.821493624772241304e-03,2.914389799635652700e-03,0.000000000000000000e+00,-3.642987249544660418e-03,-5.100182149362498044e-03
1.814882032667886058e-03,7.259528130671543799e-04,0.000000000000000000e+00,1.814882032667886058e-03,0.000000000000000000e+00,0.000000000000000000e+00,3.629764065335661094e-03,3.266787658802105913e-03,3.629764065335771899e-04,-4.718693284936503578e-03,3.629764065335661094e-03,1.088929219600709344e-03,1.814882032667841606e-03,1.814882032667886058e-03,1.814882032667841606e-03,3.629764065335771899e-04,7.259528130671322622e-04,3.629764065335771899e-04,-1.814882032667886058e-03,-2.540834845735040655e-03,0.000000000000000000e+00,0.000000000000000000e+00,2.540834845734995986e-03,2.903811252268551166e-03,1.088929219600731678e-03,1.451905626134308760e-03,2.177858439201418687e-03,-3.629764065335771899e-04,7.259528130671322622e-04,-3.629764065335771899e-04,1.088929219600687226e-03,3.629764065335771899e-04,0.000000000000000000e+00,1.451905626134264524e-03,0.000000000000000000e+00,2.903811252268551166e-03,1.088929219600731678e-03,2.177858439201441239e-03,-1.451905626134308760e-03,1.451905626134308760e-03,0.000000000000000000e+00,1.814882032667886058e-03,7.259528130671322622e-04,1.451905626134286642e-03,1.814882032667886058e-03,2.903811252268529049e-03,1.088929219600687226e-03,7.259528130671322622e-04,3.629764065335771899e-04,3.629764065335661094e-03,0.000000000000000000e+00,3.629764065335771899e-04,0.000000000000000000e+00,1.088929219600687226e-03,3.629764065335661094e-03,3.629764065335771899e-04,-1.814882032667886058e-03,7.259528130671543799e-04,1.814882032667886058e-03,3.629764065335661094e-03,1.088929219600731678e-03
3.059273422562114146e-03,-7.648183556405285365e-04,5.736137667303964349e-03,5.736137667303964349e-03,4.588910133843171653e-03,4.588910133843171653e-03,7.648183556405285799e-03,1.912045889101321450e-03,5.736137667303964349e-03,-1.912045889101321450e-03,3.059273422562114146e-03,5.353728489483700406e-03,7.648183556405285799e-03,3.824091778202642899e-03,4.588910133843171653e-03,3.441682600382378523e-03,7.648183556405285799e-03,0.000000000000000000e+00,-7.648183556405396821e-03,3.059273422562114146e-03,5.736137667303964349e-03,5.736137667303964349e-03,0.000000000000000000e+00,7.648183556405285365e-04,0.000000000000000000e+00,4.206500956022906842e-03,0.000000000000000000e+00,0.000000000000000000e+00,1.912045889101321450e-03,5.736137667303964349e-03,5.736137667303964349e-03,3.441682600382378523e-03,5.736137667303964349e-03,6.500956022944514787e-03,0.000000000000000000e+00,-1.912045889101321450e-03,5.736137667303964349e-03,1.147227533460748461e-03,0.000000000000000000e+00,3.824091778202642899e-03,5.736137667303964349e-03,5.736137667303964349e-03,4.588910133843171653e-03,5.736137667303964349e-03,-1.912045889101321450e-03,7.648183556405285799e-03,3.824091778202642899e-03,1.912045889101321450e-03,3.441682600382378523e-03,5.353728489483700406e-03,2.294455066921585826e-03,5.736137667303964349e-03,0.000000000000000000e+00,1.912045889101321450e-03,5.736137667303964349e-03,0.000000000000000000e+00,0.000000000000000000e+00,2.676864244741850203e-03,5.736137667303964349e-03,7.265774378585087775e-03,-7.648183556405285365e-04
1.036269430051861562e-03,-1.727115716752991581e-03,-2.763385146804786356e-03,6.908462867012410413e-04,0.000000000000000000e+00,-6.908462867011965890e-04,1.727115716753102603e-03,-3.108808290155384759e-03,0.000000000000000000e+00,0.000000000000000000e+00,-1.727115716752969463e-03,0.000000000000000000e+00,6.908462867012632675e-04,-1.727115716752991581e-03,0.000000000000000000e+00,0.000000000000000000e+00,0.000000000000000000e+00,0.000000000000000000e+00,3.454231433506205207e-04,-1.036269430051794992e-03,-6.908462867011965890e-04,0.000000000000000000e+00,0.000000000000000000e+00,-1.381692573402371060e-03,1.727115716753102603e-03,-3.454231433505761226e-04,0.000000000000000000e+00,0.000000000000000000e+00,0.000000000000000000e+00,0.000000000000000000e+00,0.000000000000000000e+00,0.000000000000000000e+00,-1.381692573402393178e-03,0.000000000000000000e+00,0.000000000000000000e+00,-1.727115716752991581e-03,0.000000000000000000e+00,0.000000000000000000e+00,1.036269430051861562e-03,-3.454231433505982945e-04,0.000000000000000000e+00,-6.908462867011522452e-04,0.000000000000000000e+00,0.000000000000000000e+00,0.000000000000000000e+00,0.000000000000000000e+00,-3.454231433505983162e-03,0.000000000000000000e+00,-2.072538860103589984e-03,-3.454231433505982945e-04,0.000000000000000000e+00,2.417962003454276858e-03,3.454231433506649187e-04,0.000000000000000000e+00,-6.908462867011965890e-04,0.000000000000000000e+00,0.000000000000000000e+00,-2.763385146804786356e-03,-6.908462867011965890e-04,0.000000000000000000e+00,-1.727115716752991581e-03
-7.678244972577741301e-03,-1.060329067641678849e-02,0.000000000000000000e+00,-1.462522851919612066e-03,0.000000000000000000e+00,-1.828153564899515082e-03,0.000000000000000000e+00,-3.144424131627054919e-02,-1.828153564899515082e-03,-3.107861060329064617e-02,0.000000000000000000e+00,0.000000000000000000e+00,0.000000000000000000e+00,-3.656307129798919142e-03,0.000000000000000000e+00,0.000000000000000000e+00,0.000000000000000000e+00,-1.828153564899515082e-03,0.000000000000000000e+00,-6.215722120658129235e-03,0.000000000000000000e+00,0.000000000000000000e+00,1.828153564899404060e-03,0.000000000000000000e+00,0.000000000000000000e+00,-1.828153564899515082e-03,0.000000000000000000e+00,-1.828153564899515082e-03,0.000000000000000000e+00,-3.656307129799030164e-04,0.000000000000000000e+00,0.000000000000000000e+00,0.000000000000000000e+00,1.828153564899404060e-03,-1.828153564899515082e-03,0.000000000000000000e+00,0.000000000000000000e+00,-1.462522851919589948e-03,-1.828153564899515082e-03,0.000000000000000000e+00,-1.462522851919612066e-03,-1.828153564899515082e-03,-3.656307129799030164e-04,0.000000000000000000e+00,-1.828153564899515082e-03,3.656307129798807903e-04,-3.144424131627054919e-02,0.000000000000000000e+00,-1.462522851919612066e-03,0.000000000000000000e+00,0.000000000000000000e+00,-2.193784277879351312e-03,-2.193784277879395981e-03,-3.656307129799030164e-04,-3.656307129799030164e-04,0.000000000000000000e+00,-3.656307129799030164e-04,-3.656307129798941260e-03,0.000000000000000000e+00,0.000000000000000000e+00,-3.656307129798919142e-03
-2.277039848197315135e-03,1.176470588235298785e-02,-6.072106261859522638e-03,0.000000000000000000e+00,0.000000000000000000e+00,0.000000000000000000e+00,4.554079696394697056e-03,-2.277039848197315135e-03,-4.554079696394630269e-03,-2.656546489563526951e-03,4.174573055028485240e-03,0.000000000000000000e+00,-3.415559772295995253e-03,-2.277039848197315135e-03,-3.795066413662118165e-04,0.000000000000000000e+00,7.590132827324902031e-04,-5.313092979127076454e-03,-3.036053130929761319e-03,-2.656546489563526951e-03,-3.415559772295950584e-03,-1.138519924098657567e-03,-2.277039848197293017e-03,2.220446049250313204e-17,-7.590132827324236331e-04,-1.897533206831081200e-03,-7.590132827324236331e-04,-3.415559772295995253e-03,-7.590132827324458592e-04,-2.656546489563549503e-03,-3.795066413662118165e-04,-7.590132827324458592e-04,-3.795066413662184952e-03,-2.277039848197293017e-03,-3.795066413662229188e-03,3.415559772296039489e-03,7.590132827324458592e-04,1.176470588235298785e-02,0.000000000000000000e+00,-2.277039848197293017e-03,-2.656546489563526951e-03,2.277039848197381922e-03,0.000000000000000000e+00,-2.277039848197293017e-03,-2.656546489563526951e-03,7.590132827324680854e-04,-2.656546489563526951e-03,-7.590132827324458592e-04,-4.174573055028441004e-03,9.487666034155628481e-03,-3.036053130929738768e-03,0.000000000000000000e+00,2.277039848197359804e-03,-1.138519924098657567e-03,1.138519924098675348e-02,0.000000000000000000e+00,-3.795066413662229188e-03,-3.415559772295950584e-03,1.897533206831147987e-03,4.933586337760931424e-03,2.656546489563593738e-03
-7.312614259598060329e-04,-7.312614259598060329e-04,-2.559414990859276880e-03,-3.656307129799030164e-04,-1.462522851919612066e-03,-7.312614259598060329e-04,-3.656307129799252426e-04,-3.656307129799030164e-04,-2.559414990859254328e-03,2.193784277879351312e-03,1.828153564899404060e-03,-1.096892138939709049e-03,-3.656307129799030164e-04,-2.220446049250313204e-17,-3.656307129799030164e-04,-1.462522851919612066e-03,-1.462522851919612066e-03,1.096892138939620145e-03,-1.462522851919612066e-03,3.656307129798586184e-04,1.096892138939642479e-03,-1.462522851919612066e-03,0.000000000000000000e+00,2.193784277879329194e-03,-1.828153564899515082e-03,-2.193784277879351312e-03,-1.828153564899515082e-03,-1.828153564899515082e-03,-1.096892138939709049e-03,-7.312614259598060329e-04,-1.096892138939709049e-03,-1.096892138939709049e-03,-1.828153564899515082e-03,-3.656307129799030164e-04,3.656307129798586184e-04,-1.828153564899515082e-03,-1.096892138939709049e-03,1.828153564899448512e-03,1.828153564899404060e-03,2.925045703839135227e-03,-2.193784277879395981e-03,3.290676416819016126e-03,-1.462522851919612066e-03,-3.656307129799030164e-04,-2.925045703839157345e-03,7.312614259597394629e-04,1.462522851919545496e-03,-1.462522851919612066e-03,7.312614259597394629e-04,3.656307129798807903e-04,0.000000000000000000e+00,-3.656307129799030164e-04,-1.828153564899515082e-03,-3.656307129799030164e-04,-1.462522851919612066e-03,-1.462522851919612066e-03,-1.828153564899515082e-03,-3.656307129798919142e-03,1.462522851919545496e-03,-1.828153564899515082e-03,-7.312614259597838067e-04
2.857142857142847166e-03,0.000000000000000000e+00,8.571428571428540630e-03,8.928571428571396851e-03,3.571428571428558957e-04,3.214285714285702953e-03,8.214285714285684409e-03,0.000000000000000000e+00,8.571428571428540630e-03,1.785714285714279370e-03,8.928571428571396851e-03,3.571428571428558957e-04,1.785714285714279370e-03,0.000000000000000000e+00,3.571428571428558957e-04,3.571428571428558957e-04,8.571428571428540630e-03,5.714285714285694331e-03,1.785714285714279370e-03,1.785714285714279370e-03,8.928571428571396851e-03,4.642857142857126536e-03,0.000000000000000000e+00,0.000000000000000000e+00,1.785714285714279370e-03,1.785714285714279370e-03,0.000000000000000000e+00,7.142857142857117481e-03,3.571428571428558957e-04,8.928571428571396851e-03,1.785714285714279370e-03,0.000000000000000000e+00,7.142857142857117481e-03,0.000000000000000000e+00,4.999999999999981889e-03,0.000000000000000000e+00,1.785714285714279370e-03,1.428571428571423583e-03,7.857142857142829923e-03,3.571428571428558957e-04,7.142857142857117481e-03,2.499999999999990945e-03,3.571428571428558957e-04,4.999999999999981889e-03,2.499999999999990945e-03,8.214285714285684409e-03,1.071428571428567579e-03,3.571428571428558957e-04,8.928571428571396851e-03,1.785714285714279370e-03,3.571428571428558957e-04,8.571428571428540630e-03,2.499999999999990945e-03,3.571428571428558957e-04,0.000000000000000000e+00,0.000000000000000000e+00,2.857142857142847166e-03,7.142857142857117481e-03,1.071428571428567579e-03,1.785714285714279370e-03,0.000000000000000000e+00
-1.821493624772352327e-03,-1.821493624772352327e-03,-2.185792349726800674e-03,-7.285974499089409306e-04,0.000000000000000000e+00,-7.285974499089409306e-04,0.000000000000000000e+00,-3.642987249544660418e-03,-1.821493624772352327e-03,-3.642987249544704653e-04,0.000000000000000000e+00,-1.457194899817881861e-03,-1.821493624772352327e-03,-1.821493624772352327e-03,-1.821493624772352327e-03,-1.821493624772352327e-03,-1.821493624772352327e-03,-2.185792349726800674e-03,-1.821493624772352327e-03,0.000000000000000000e+00,-3.642987249544704653e-04,-1.821493624772352327e-03,-1.457194899817881861e-03,-2.914389799635696936e-03,-1.821493624772352327e-03,0.000000000000000000e+00,-1.821493624772352327e-03,-1.092896174863411396e-03,-1.092896174863411396e-03,-1.821493624772352327e-03,-1.821493624772352327e-03,-1.821493624772352327e-03,-3.642987249544704653e-04,-1.821493624772352327e-03,-1.092896174863389278e-03,-6.557377049180357353e-03,-7.285974499089409306e-04,0.000000000000000000e+00,-3.278688524590145283e-03,-1.092896174863411396e-03,-1.821493624772352327e-03,-3.278688524590145283e-03,-1.821493624772352327e-03,-1.821493624772352327e-03,-7.285974499089187045e-04,-2.185792349726800674e-03,-1.457194899817881861e-03,-1.821493624772352327e-03,-3.642987249544593631e-03,-1.821493624772352327e-03,-1.457194899817881861e-03,0.000000000000000000e+00,-5.100182149362475492e-03,-1.821493624772352327e-03,-2.550091074681249022e-03,-1.821493624772352327e-03,-1.821493624772352327e-03,-4.007285974499064096e-03,-1.821493624772352327e-03,-1.821493624772352327e-03,-3.278688524590167401e-03
8.726003490401423868e-03,-6.980802792321050059e-04,3.490401396161191272e-04,3.839441535776644265e-03,1.047120418848201907e-03,3.141361256544583820e-03,5.933682373472981726e-03,1.396160558464298916e-03,2.094240837696403814e-03,-7.678883071553177508e-03,0.000000000000000000e+00,2.443280977312478706e-03,8.376963350785370660e-03,1.745200698080373591e-03,3.839441535776666383e-03,1.396160558464254464e-03,2.443280977312434037e-03,5.235602094240898730e-03,3.490401396160636160e-03,3.490401396160636160e-03,-5.584642233856862599e-03,2.094240837696381696e-03,3.490401396161191272e-04,4.537521815008771497e-03,5.235602094240898730e-03,6.631762652705108958e-03,2.792321116928508928e-03,6.282722513089056618e-03,1.047120418848201907e-03,1.745200698080329139e-03,4.188481675392719157e-03,2.094240837696381696e-03,5.933682373473003410e-03,3.490401396161191272e-04,5.235602094240898730e-03,1.745200698080373591e-03,6.980802792321272321e-04,-4.188481675392585583e-03,-1.047120418848113219e-03,5.235602094240898730e-03,5.235602094240898730e-03,8.376963350785370660e-03,1.047120418848224242e-03,5.584642233856929386e-03,4.188481675392740841e-03,3.490401396160636160e-03,2.443280977312478706e-03,1.745200698080329139e-03,-6.980802792320606621e-04,0.000000000000000000e+00,1.047120418848201907e-03,4.188481675392740841e-03,-1.116928446771374775e-02,2.094240837696381696e-03,1.745200698080373591e-03,2.443280977312478706e-03,-1.745200698080262569e-03,-4.537521815008683027e-03,5.235602094240898730e-03,6.980802792321494582e-04,-1.047120418848157455e-03
0.000000000000000000e+00,-3.584229390680926386e-03,0.000000000000000000e+00,0.000000000000000000e+00,3.584229390681148322e-04,-3.584229390680926603e-04,0.000000000000000000e+00,-3.584229390680926386e-03,-1.792114695340463193e-03,-3.584229390680926386e-03,0.000000000000000000e+00,0.000000000000000000e+00,-3.584229390680926603e-04,-1.792114695340463193e-03,0.000000000000000000e+00,0.000000000000000000e+00,-1.792114695340463193e-03,0.000000000000000000e+00,0.000000000000000000e+00,-1.792114695340463193e-03,0.000000000000000000e+00,0.000000000000000000e+00,0.000000000000000000e+00,0.000000000000000000e+00,0.000000000000000000e+00,0.000000000000000000e+00,0.000000000000000000e+00,0.000000000000000000e+00,0.000000000000000000e+00,0.000000000000000000e+00,0.000000000000000000e+00,0.000000000000000000e+00,0.000000000000000000e+00,0.000000000000000000e+00,0.000000000000000000e+00,-3.584229390680926386e-03,-3.584229390680926603e-04,0.000000000000000000e+00,0.000000000000000000e+00,-1.433691756272370641e-03,0.000000000000000000e+00,0.000000000000000000e+00,0.000000000000000000e+00,0.000000000000000000e+00,0.000000000000000000e+00,0.000000000000000000e+00,-1.792114695340463193e-03,0.000000000000000000e+00,0.000000000000000000e+00,-1.792114695340463193e-03,-1.433691756272370641e-03,0.000000000000000000e+00,0.000000000000000000e+00,0.000000000000000000e+00,0.000000000000000000e+00,0.000000000000000000e+00,-3.584229390680926603e-04,0.000000000000000000e+00,0.000000000000000000e+00,-1.792114695340463193e-03,-3.584229390680926386e-03
3.710575139146632395e-03,1.855287569573316198e-03,0.000000000000000000e+00,2.226345083487979350e-03,0.000000000000000000e+00,1.855287569573316198e-03,7.421150278293153768e-03,7.421150278293265224e-04,0.000000000000000000e+00,1.855287569573316198e-03,0.000000000000000000e+00,0.000000000000000000e+00,1.113172541743989675e-03,1.855287569573316198e-03,0.000000000000000000e+00,0.000000000000000000e+00,0.000000000000000000e+00,4.081632653061295982e-03,4.452690166975891914e-03,1.855287569573316198e-03,0.000000000000000000e+00,0.000000000000000000e+00,0.000000000000000000e+00,1.855287569573316198e-03,1.484230055658653045e-03,5.565862708719948593e-03,0.000000000000000000e+00,2.597402597402642503e-03,0.000000000000000000e+00,0.000000000000000000e+00,0.000000000000000000e+00,0.000000000000000000e+00,2.226345083487979350e-03,0.000000000000000000e+00,4.823747680890622287e-03,1.855287569573316198e-03,7.421150278293265224e-04,0.000000000000000000e+00,-1.855287569573205175e-03,2.597402597402642503e-03,1.484230055658653045e-03,2.220446049250313204e-17,1.484230055658653045e-03,0.000000000000000000e+00,1.855287569573316198e-03,4.452690166975958701e-03,7.421150278293265224e-04,0.000000000000000000e+00,0.000000000000000000e+00,0.000000000000000000e+00,3.710575139146632612e-04,1.855287569573316198e-03,1.855287569573316198e-03,0.000000000000000000e+00,2.597402597402642503e-03,0.000000000000000000e+00,1.855287569573316198e-03,0.000000000000000000e+00,1.113172541743989675e-03,0.000000000000000000e+00,2.226345083487979350e-03
0.000000000000000000e+00,-1.798561151079125509e-03,-1.798561151079125509e-03,-1.079136690647475262e-03,-3.597122302158251234e-04,-1.798561151079125509e-03,-3.597122302158251234e-04,-1.798561151079125509e-03,0.000000000000000000e+00,-1.798561151079125509e-03,-1.079136690647475262e-03,0.000000000000000000e+00,0.000000000000000000e+00,-1.798561151079125509e-03,3.597122302158251234e-04,-1.438848920863300494e-03,0.000000000000000000e+00,0.000000000000000000e+00,0.000000000000000000e+00,0.000000000000000000e+00,-3.597122302158251234e-04,0.000000000000000000e+00,0.000000000000000000e+00,0.000000000000000000e+00,0.000000000000000000e+00,0.000000000000000000e+00,0.000000000000000000e+00,-1.798561151079125509e-03,0.000000000000000000e+00,0.000000000000000000e+00,0.000000000000000000e+00,0.000000000000000000e+00,0.000000000000000000e+00,0.000000000000000000e+00,-1.798561151079125509e-03,3.597122302158251234e-04,-3.597122302158251234e-04,3.597122302158251234e-04,-1.798561151079125509e-03,-3.597122302158251234e-04,0.000000000000000000e+00,0.000000000000000000e+00,0.000000000000000000e+00,0.000000000000000000e+00,-1.798561151079125509e-03,0.000000000000000000e+00,-1.798561151079125509e-03,0.000000000000000000e+00,-3.597122302158251017e-03,-3.597122302158251234e-04,-1.798561151079125509e-03,0.000000000000000000e+00,-3.597122302158251017e-03,-1.079136690647475262e-03,0.000000000000000000e+00,0.000000000000000000e+00,-1.798561151079125509e-03,-3.597122302158251017e-03,0.000000000000000000e+00,0.000000000000000000e+00,-1.438848920863300494e-03
-1.109057301293914178e-03,-7.393715341959428578e-04,0.000000000000000000e+00,0.000000000000000000e+00,-3.696857670979714289e-04,-1.109057301293892061e-03,-1.109057301293892061e-03,-7.393715341959428578e-04,0.000000000000000000e+00,0.000000000000000000e+00,-3.696857670979714289e-04,0.000000000000000000e+00,-1.848428835489857036e-03,-1.109057301293914178e-03,-7.393715341959428578e-04,0.000000000000000000e+00,0.000000000000000000e+00,-7.393715341959428578e-04,-1.109057301293892061e-03,0.000000000000000000e+00,-3.696857670979714289e-04,-7.393715341959428578e-04,-3.696857670979714289e-04,-3.696857670979714289e-04,-3.696857670979714289e-04,0.000000000000000000e+00,-3.696857670979714289e-04,-7.393715341959428578e-04,0.000000000000000000e+00,0.000000000000000000e+00,-3.696857670979714289e-04,0.000000000000000000e+00,-3.696857670979714289e-04,-1.109057301293914178e-03,-3.696857670979714289e-04,0.000000000000000000e+00,0.000000000000000000e+00,7.393715341959428578e-04,-2.218114602587762003e-03,-1.478743068391885716e-03,0.000000000000000000e+00,-7.393715341959428578e-04,0.000000000000000000e+00,0.000000000000000000e+00,-3.696857670979714289e-04,9.981515711645117667e-03,0.000000000000000000e+00,-3.696857670979714289e-04,0.000000000000000000e+00,-7.393715341959428578e-04,-1.478743068391885716e-03,0.000000000000000000e+00,0.000000000000000000e+00,-1.109057301293914178e-03,0.000000000000000000e+00,-1.109057301293914178e-03,-3.696857670979714289e-04,3.696857670979714289e-04,-3.696857670979714289e-04,7.393715341959428578e-04,-3.696857670979714289e-04
7.421150278292820701e-04,-3.710575139146632612e-04,0.000000000000000000e+00,-1.855287569573316198e-03,0.000000000000000000e+00,1.855287569573205175e-03,1.113172541743923105e-03,2.968460111317217185e-03,0.000000000000000000e+00,1.484230055658564140e-03,-1.484230055658653045e-03,0.000000000000000000e+00,0.000000000000000000e+00,0.000000000000000000e+00,0.000000000000000000e+00,0.000000000000000000e+00,0.000000000000000000e+00,-1.855287569573316198e-03,-3.710575139146632395e-03,1.855287569573205175e-03,0.000000000000000000e+00,0.000000000000000000e+00,0.000000000000000000e+00,0.000000000000000000e+00,-3.710575139146632612e-04,7.421150278293042963e-04,0.000000000000000000e+00,0.000000000000000000e+00,0.000000000000000000e+00,0.000000000000000000e+00,0.000000000000000000e+00,0.000000000000000000e+00,1.113172541743945223e-03,0.000000000000000000e+00,-1.484230055658653045e-03,0.000000000000000000e+00,7.421150278293042963e-04,3.710575139146410351e-04,0.000000000000000000e+00,0.000000000000000000e+00,-1.113172541743989675e-03,0.000000000000000000e+00,0.000000000000000000e+00,0.000000000000000000e+00,3.710575139146410351e-04,0.000000000000000000e+00,7.421150278292820701e-04,0.000000000000000000e+00,-3.710575139146854331e-04,0.000000000000000000e+00,-1.855287569573316198e-03,0.000000000000000000e+00,0.000000000000000000e+00,-1.855287569573316198e-03,0.000000000000000000e+00,0.000000000000000000e+00,-1.113172541743989675e-03,3.710575139145966370e-04,0.000000000000000000e+00,0.000000000000000000e+00,3.710575139146410351e-04
0.000000000000000000e+00,-9.293680297397743928e-03,-2.230483271375471692e-03,-3.717472118959230798e-04,0.000000000000000000e+00,0.000000000000000000e+00,0.000000000000000000e+00,-5.576208178438735175e-03,-3.717472118959230798e-04,-4.460966542750943384e-03,-3.345724907063218814e-03,-7.434944237918461596e-04,0.000000000000000000e+00,-4.089219330855065407e-03,0.000000000000000000e+00,0.000000000000000000e+00,0.000000000000000000e+00,-3.717472118959119776e-03,0.000000000000000000e+00,7.434944237918017073e-04,-1.486988847583692319e-03,-7.434944237918461596e-04,0.000000000000000000e+00,-1.858736059479615399e-03,-3.717472118959119776e-03,1.858736059479504377e-03,-7.434944237918461596e-04,-1.858736059479615399e-03,-7.434944237918461596e-04,-1.858736059479615399e-03,-3.717472118959230798e-04,0.000000000000000000e+00,-1.858736059479615399e-03,0.000000000000000000e+00,3.717472118958786817e-04,-4.440892098500626408e-17,-7.434944237918461596e-04,1.858736059479504377e-03,-3.717472118959119776e-03,-2.973977695167295734e-03,-3.717472118959119776e-03,-3.717472118959119776e-03,-1.858736059479593281e-03,0.000000000000000000e+00,1.858736059479504377e-03,-1.858736059479615399e-03,-5.204460966542812095e-03,0.000000000000000000e+00,-5.576208178438735175e-03,1.115241635687702669e-03,-5.576208178438735175e-03,-2.602230483271417323e-03,-3.717472118959119776e-03,-5.576208178438735175e-03,-4.089219330855065407e-03,0.000000000000000000e+00,-2.602230483271439441e-03,-2.973977695167295734e-03,-3.345724907063218814e-03,1.858736059479504377e-03,-9.293680297397743928e-03
-1.805054151624574388e-03,-1.263537906137179867e-02,0.000000000000000000e+00,0.000000000000000000e+00,0.000000000000000000e+00,0.000000000000000000e+00,0.000000000000000000e+00,-3.971119133573996866e-03,0.000000000000000000e+00,-8.664259927797846039e-03,0.000000000000000000e+00,0.000000000000000000e+00,-1.263537906137179867e-02,-5.054151624548764050e-03,-2.527075812274359908e-03,0.000000000000000000e+00,-8.303249097472931162e-03,-1.805054151624574388e-03,-1.263537906137179867e-02,-6.137184115523441896e-03,0.000000000000000000e+00,0.000000000000000000e+00,1.805054151624574388e-03,7.220216606498297551e-04,-1.119133574007218426e-02,-1.805054151624574388e-03,0.000000000000000000e+00,-1.805054151624574388e-03,0.000000000000000000e+00,0.000000000000000000e+00,0.000000000000000000e+00,-2.166064981949445030e-03,3.610108303249148776e-04,1.805054151624574388e-03,-1.805054151624574388e-03,-8.664259927797846039e-03,0.000000000000000000e+00,0.000000000000000000e+00,1.805054151624574388e-03,-7.220216606498297551e-04,0.000000000000000000e+00,0.000000000000000000e+00,0.000000000000000000e+00,0.000000000000000000e+00,-5.415162454873612141e-03,1.805054151624574388e-03,-5.415162454873612141e-03,0.000000000000000000e+00,-9.025270758122760917e-03,-1.805054151624574388e-03,0.000000000000000000e+00,0.000000000000000000e+00,-3.971119133573996866e-03,0.000000000000000000e+00,-1.805054151624552270e-03,0.000000000000000000e+00,0.000000000000000000e+00,-2.166064981949445030e-03,7.220216606498297551e-04,-3.610108303249148776e-03,-1.191335740072201402e-02
-3.724394785847850997e-04,-1.117318435754199825e-03,-2.220446049250313204e-17,3.724394785847184755e-04,-3.724394785847407016e-04,-2.220446049250313204e-17,1.862197392923592432e-03,-3.724394785847340121e-03,-2.234636871508421767e-03,-2.234636871508399649e-03,3.724394785847184755e-04,1.489757914338896237e-03,3.351955307262555021e-03,2.234636871508333296e-03,-2.220446049250313204e-17,1.862197392923614549e-03,2.979515828677792473e-03,1.489757914338873902e-03,7.448789571694369510e-04,3.724394785847184755e-04,-1.862197392923703454e-03,-3.724394785847407016e-04,1.117318435754177707e-03,2.234636871508355414e-03,1.489757914338873902e-03,7.448789571694369510e-04,7.448789571694369510e-04,-1.862197392923681336e-03,-3.724394785847407016e-04,-1.117318435754199825e-03,-2.220446049250313204e-17,-3.724394785847628736e-04,-2.220446049250313204e-17,2.607076350093073727e-03,-3.724394785847628736e-04,-1.117318435754222159e-03,-2.234636871508421767e-03,-1.117318435754244277e-03,1.862197392923636884e-03,2.234636871508333296e-03,-3.724394785847295886e-03,1.117318435754177707e-03,-1.489757914338962807e-03,0.000000000000000000e+00,-3.724394785847628736e-04,2.607076350093095844e-03,-7.448789571694591771e-03,1.862197392923614549e-03,-1.489757914338940472e-03,-3.724394785847407016e-04,-4.440892098500626408e-17,0.000000000000000000e+00,3.351955307262555021e-03,-1.117318435754244277e-03,-3.724394785847628736e-04,-7.448789571694814033e-04,-4.469273743016777614e-03,4.469273743016755063e-03,7.448789571694369510e-04,-1.117318435754222159e-03,0.000000000000000000e+00
2.127659574468121571e-03,-3.546099290780091451e-03,-3.900709219858167296e-03,0.000000000000000000e+00,0.000000000000000000e+00,-5.319148936170248199e-03,1.418439716312036667e-03,-1.418439716312036667e-03,-2.127659574468054784e-03,0.000000000000000000e+00,-1.063829787234027392e-03,-3.546099290780091668e-04,0.000000000000000000e+00,-3.191489361702082393e-03,0.000000000000000000e+00,-3.546099290780091668e-04,0.000000000000000000e+00,7.092198581560183335e-04,-1.773049645390045725e-03,-3.546099290780091668e-04,0.000000000000000000e+00,-1.418439716312036667e-03,-3.546099290780091451e-03,-5.319148936170248199e-03,3.546099290780091668e-04,2.127659574468121571e-03,0.000000000000000000e+00,0.000000000000000000e+00,0.000000000000000000e+00,-2.482269503546063842e-03,-1.418439716312036667e-03,0.000000000000000000e+00,0.000000000000000000e+00,-3.546099290780091451e-03,0.000000000000000000e+00,0.000000000000000000e+00,0.000000000000000000e+00,1.773049645390045725e-03,0.000000000000000000e+00,-7.092198581560183335e-04,-2.127659574468054784e-03,-1.418439716312036667e-03,0.000000000000000000e+00,-3.900709219858145178e-03,0.000000000000000000e+00,0.000000000000000000e+00,-5.319148936170248199e-03,0.000000000000000000e+00,-1.773049645390045725e-03,-2.127659574468054784e-03,0.000000000000000000e+00,-7.092198581560183335e-04,-1.773049645390045725e-03,0.000000000000000000e+00,0.000000000000000000e+00,0.000000000000000000e+00,-1.063829787234027392e-03,-4.255319148936132119e-03,-2.127659574468054784e-03,3.546099290780091668e-04,-2.482269503546063842e-03
0.000000000000000000e+00,-3.683241252302016377e-03,0.000000000000000000e+00,0.000000000000000000e+00,0.000000000000000000e+00,0.000000000000000000e+00,0.000000000000000000e+00,0.000000000000000000e+00,0.000000000000000000e+00,0.000000000000000000e+00,0.000000000000000000e+00,0.000000000000000000e+00,0.000000000000000000e+00,0.000000000000000000e+00,0.000000000000000000e+00,0.000000000000000000e+00,0.000000000000000000e+00,1.104972375690605000e-03,-1.841620626151008189e-03,-1.841620626151008189e-03,0.000000000000000000e+00,0.000000000000000000e+00,1.841620626151008189e-03,0.000000000000000000e+00,-1.841620626151008189e-03,1.841620626151008189e-03,0.000000000000000000e+00,0.000000000000000000e+00,0.000000000000000000e+00,0.000000000000000000e+00,0.000000000000000000e+00,0.000000000000000000e+00,0.000000000000000000e+00,1.841620626151008189e-03,7.366482504604032972e-04,-1.473296500920806594e-03,0.000000000000000000e+00,-3.683241252302016486e-04,0.000000000000000000e+00,0.000000000000000000e+00,0.000000000000000000e+00,0.000000000000000000e+00,-1.473296500920806594e-03,0.000000000000000000e+00,-1.841620626151008189e-03,0.000000000000000000e+00,-1.104972375690605000e-03,0.000000000000000000e+00,0.000000000000000000e+00,0.000000000000000000e+00,0.000000000000000000e+00,0.000000000000000000e+00,0.000000000000000000e+00,0.000000000000000000e+00,0.000000000000000000e+00,0.000000000000000000e+00,0.000000000000000000e+00,0.000000000000000000e+00,0.000000000000000000e+00,-1.841620626151008189e-03,-1.841620626151008189e-03
5.434782608695676309e-03,7.608695652173857842e-03,6.521739130434767509e-03,7.608695652173924628e-03,8.333333333333326279e-03,6.159420289855099644e-03,1.123188405797099707e-02,5.072463768115942524e-03,4.710144927536230423e-03,5.434782608695676309e-03,8.695652173913038380e-03,7.246376811594190843e-03,1.739130434782605247e-02,5.072463768115919973e-03,8.695652173913038380e-03,1.449275362318847103e-03,7.971014492753636729e-03,7.608695652173880393e-03,7.971014492753614178e-03,8.695652173913015828e-03,5.434782608695676309e-03,5.072463768115942524e-03,4.347826086956519190e-03,7.971014492753591626e-03,7.608695652173924628e-03,5.434782608695676309e-03,3.623188405797117539e-03,4.347826086956540874e-03,1.086956521739135218e-03,3.260869565217383755e-03,8.695652173912993277e-03,8.333333333333281176e-03,6.521739130434789193e-03,3.623188405797095422e-03,6.521739130434789193e-03,5.072463768115919973e-03,5.434782608695676309e-03,5.434782608695676309e-03,5.797101449275343307e-03,9.420289855072417479e-03,2.898550724637694205e-03,7.971014492753614178e-03,6.884057971014478743e-03,7.246376811594235079e-03,5.434782608695676309e-03,1.485507246376809379e-02,3.623188405797095422e-03,4.710144927536230423e-03,3.623188405797117539e-03,5.434782608695676309e-03,2.173913043478248319e-03,7.246376811594212528e-03,6.159420289855077960e-03,4.347826086956519190e-03,6.159420289855077960e-03,7.608695652173880393e-03,4.347826086956540874e-03,3.623188405797117539e-03,7.608695652173924628e-03,5.434782608695676309e-03,6.884057971014478743e-03
-1.094890510948953776e-03,-6.934306569343085154e-03,-1.021897810218981226e-02,2.189781021897774411e-03,-5.474452554744569169e-03,-1.861313868613145850e-02,-7.664233576642365264e-03,-8.759124087591274588e-03,-6.204379562043805044e-03,-1.386861313868617031e-02,-2.189781021897840765e-03,-3.649635036496379301e-03,0.000000000000000000e+00,-5.109489051094939956e-03,-4.014598540146030632e-03,-2.554744525547469978e-03,-5.109489051094917404e-03,-3.649635036496379301e-03,-7.299270072993024449e-04,-2.080291970802925633e-02,-1.824817518248256221e-03,-3.649635036496379301e-03,-5.839416058394220066e-03,-2.554744525547514213e-03,-7.299270072993024449e-04,7.299270072992581010e-04,-3.649635036496423537e-03,-3.649635036496401419e-03,-5.109489051094917404e-03,-6.569343065693455941e-03,-4.379562043795659845e-03,-3.649635036496379301e-03,-2.554744525547492096e-03,-1.824817518248256221e-03,0.000000000000000000e+00,-1.131386861313872158e-02,-1.459854014598544955e-02,-9.124087591240925485e-03,-1.824817518248256221e-03,-7.299270072992803272e-04,-2.919708029197143426e-03,-1.824817518248189651e-03,-9.854014598540183911e-03,-4.744525547445310742e-03,-4.379562043795659845e-03,-6.661338147750938996e-17,-1.058394160583948571e-02,-4.744525547445288191e-03,-5.474452554744546617e-03,-9.489051094890533014e-03,-9.124087591240948036e-03,-7.299270072993468972e-04,-1.167883211678837421e-02,-1.824817518248189651e-03,-1.277372262773728354e-02,0.000000000000000000e+00,-6.204379562043805044e-03,-9.854014598540183911e-03,-1.824817518248256221e-03,-1.423357664233582121e-02,-6.204379562043826728e-03
1.451905626134308760e-03,0.000000000000000000e+00,-1.451905626134308760e-03,3.629764065335772116e-03,2.903811252268617520e-03,3.629764065335772116e-03,3.629764065335772116e-03,-3.629764065335772116e-03,-2.540834845735040655e-03,3.266787658802194818e-03,5.444646098003658174e-03,2.903811252268617520e-03,3.266787658802194818e-03,-5.444646098003658174e-03,2.903811252268617520e-03,2.540834845735040655e-03,3.629764065335772116e-03,3.629764065335771899e-04,2.540834845735040655e-03,-3.629764065335772116e-03,3.629764065335772116e-03,2.177858439201463357e-03,3.629764065335772116e-03,2.540834845735040655e-03,2.903811252268617520e-03,1.451905626134308760e-03,3.266787658802194818e-03,0.000000000000000000e+00,3.629764065335771899e-04,1.088929219600731678e-03,-3.629764065335771899e-04,1.814882032667886058e-03,1.451905626134308760e-03,1.451905626134308760e-03,1.451905626134308760e-03,-1.451905626134308760e-03,3.629764065335772116e-03,3.266787658802194818e-03,1.451905626134308760e-03,3.629764065335772116e-03,1.814882032667886058e-03,3.629764065335772116e-03,2.177858439201463357e-03,3.629764065335772116e-03,3.629764065335772116e-03,3.629764065335772116e-03,-3.266787658802194818e-03,1.451905626134308760e-03,-3.629764065335772116e-03,5.444646098003658174e-03,7.259528130671543799e-04,3.629764065335772116e-03,1.814882032667886058e-03,0.000000000000000000e+00,2.177858439201463357e-03,2.903811252268617520e-03,1.814882032667886058e-03,-2.177858439201463357e-03,2.903811252268617520e-03,3.629764065335772116e-03,-7.259528130671543799e-04
4.379562043795637294e-03,1.824817518248256221e-03,0.000000000000000000e+00,9.124087591240948036e-03,0.000000000000000000e+00,1.824817518248256221e-03,5.474452554744546617e-03,1.824817518248256221e-03,0.000000000000000000e+00,0.000000000000000000e+00,9.124087591240948036e-03,0.000000000000000000e+00,3.649635036496401419e-03,1.824817518248256221e-03,7.299270072993024449e-04,3.649635036496512224e-04,0.000000000000000000e+00,6.934306569343062603e-03,3.649635036496401419e-03,0.000000000000000000e+00,7.299270072992803272e-04,0.000000000000000000e+00,3.649635036496512224e-04,0.000000000000000000e+00,4.014598540146030632e-03,5.839416058394175831e-03,0.000000000000000000e+00,0.000000000000000000e+00,0.000000000000000000e+00,0.000000000000000000e+00,3.649635036496512224e-04,0.000000000000000000e+00,0.000000000000000000e+00,0.000000000000000000e+00,5.839416058394175831e-03,-1.459854014598516202e-03,0.000000000000000000e+00,3.284671532846727970e-03,3.649635036496401419e-03,1.824817518248256221e-03,0.000000000000000000e+00,2.554744525547469978e-03,1.824817518248256221e-03,0.000000000000000000e+00,0.000000000000000000e+00,0.000000000000000000e+00,1.824817518248256221e-03,0.000000000000000000e+00,0.000000000000000000e+00,6.204379562043805044e-03,0.000000000000000000e+00,6.569343065693500176e-03,3.649635036496401419e-03,7.299270072993024449e-04,0.000000000000000000e+00,0.000000000000000000e+00,-1.824817518248145198e-03,0.000000000000000000e+00,1.058394160583946489e-02,2.189781021897840765e-03,1.824817518248256221e-03
1.838235294117640528e-03,0.000000000000000000e+00,0.000000000000000000e+00,4.411764705882337267e-03,0.000000000000000000e+00,0.000000000000000000e+00,2.573529411764696739e-03,0.000000000000000000e+00,0.000000000000000000e+00,-1.838235294117640528e-03,1.102941176470584317e-03,0.000000000000000000e+00,1.838235294117640528e-03,0.000000000000000000e+00,0.000000000000000000e+00,0.000000000000000000e+00,0.000000000000000000e+00,0.000000000000000000e+00,1.838235294117640528e-03,-1.838235294117640528e-03,0.000000000000000000e+00,0.000000000000000000e+00,0.000000000000000000e+00,0.000000000000000000e+00,1.066176470588240353e-02,1.838235294117640528e-03,0.000000000000000000e+00,0.000000000000000000e+00,0.000000000000000000e+00,0.000000000000000000e+00,0.000000000000000000e+00,0.000000000000000000e+00,0.000000000000000000e+00,0.000000000000000000e+00,7.352941176470562112e-04,0.000000000000000000e+00,-7.352941176470562112e-04,1.838235294117640528e-03,5.514705882352921584e-03,0.000000000000000000e+00,9.191176470588202640e-03,5.514705882352921584e-03,0.000000000000000000e+00,0.000000000000000000e+00,6.249999999999977796e-03,3.676470588235281056e-03,0.000000000000000000e+00,0.000000000000000000e+00,1.102941176470584317e-03,0.000000000000000000e+00,0.000000000000000000e+00,0.000000000000000000e+00,2.941176470588224845e-03,0.000000000000000000e+00,6.985294117647034007e-03,0.000000000000000000e+00,0.000000000000000000e+00,9.191176470588202640e-03,0.000000000000000000e+00,3.676470588235281056e-04,0.000000000000000000e+00
1.872659176029967121e-03,0.000000000000000000e+00,1.498127340823973783e-03,1.872659176029967121e-03,1.123595505617980229e-03,0.000000000000000000e+00,2.996254681647947567e-03,3.745318352059934242e-03,1.872659176029967121e-03,-3.745318352059823219e-03,1.872659176029967121e-03,1.123595505617980229e-03,1.872659176029967121e-03,1.872659176029967121e-03,1.872659176029967121e-03,7.490636704119868917e-04,3.370786516853940904e-03,1.872659176029967121e-03,0.000000000000000000e+00,-1.872659176029967121e-03,1.872659176029967121e-03,1.123595505617980229e-03,0.000000000000000000e+00,1.872659176029967121e-03,1.872659176029967121e-03,1.872659176029967121e-03,7.490636704119868917e-04,-1.498127340823973783e-03,1.872659176029967121e-03,1.498127340823973783e-03,1.872659176029967121e-03,1.498127340823973783e-03,3.745318352059934242e-03,1.872659176029967121e-03,1.872659176029967121e-03,1.872659176029967121e-03,7.490636704119868917e-04,1.872659176029967121e-03,1.872659176029967121e-03,1.872659176029967121e-03,1.872659176029967121e-03,1.872659176029967121e-03,1.123595505617980229e-03,1.123595505617980229e-03,0.000000000000000000e+00,3.745318352059934242e-03,2.247191011235960458e-03,1.498127340823973783e-03,3.745318352059934242e-03,1.872659176029967121e-03,2.996254681647947567e-03,1.872659176029967121e-03,3.745318352059934242e-03,1.872659176029967121e-03,1.872659176029967121e-03,1.872659176029967121e-03,0.000000000000000000e+00,3.745318352059934242e-03,1.872659176029967121e-03,1.872659176029967121e-03,0.000000000000000000e+00
-3.831417624521104908e-04,-3.831417624521105125e-03,-3.831417624521105125e-03,-3.831417624521104908e-04,-3.831417624521104908e-04,-1.532567049808441963e-03,0.000000000000000000e+00,-2.298850574712663162e-03,-3.831417624521105125e-03,-5.363984674329547522e-03,1.915708812260552563e-03,0.000000000000000000e+00,-2.681992337164773761e-03,0.000000000000000000e+00,-7.662835249042209817e-04,0.000000000000000000e+00,-7.662835249042209817e-04,-4.980842911877436489e-03,-2.298850574712663162e-03,-3.831417624521105125e-03,0.000000000000000000e+00,-7.662835249042209817e-04,-3.831417624521104908e-04,7.662835249042209817e-04,-1.915708812260552563e-03,-4.214559386973215291e-03,-3.831417624521104908e-04,-2.298850574712663162e-03,-1.149425287356331581e-03,-3.831417624521105125e-03,-7.662835249042209817e-04,-3.831417624521104908e-04,-1.915708812260552563e-03,-3.831417624521104908e-04,-3.831417624521104908e-04,0.000000000000000000e+00,-1.532567049808441963e-03,0.000000000000000000e+00,-1.532567049808441963e-03,-1.532567049808441963e-03,-3.831417624521105125e-03,1.915708812260552563e-03,-3.831417624521104908e-04,-3.831417624521105125e-03,-1.532567049808441963e-03,0.000000000000000000e+00,0.000000000000000000e+00,-7.662835249042209817e-04,-3.065134099616883927e-03,0.000000000000000000e+00,-1.532567049808441963e-03,7.662835249042209817e-04,-1.532567049808441963e-03,-7.662835249042209817e-04,-1.532567049808441963e-03,-7.662835249042209817e-04,-2.681992337164773761e-03,-3.831417624521105125e-03,1.915708812260552563e-03,-1.915708812260552563e-03,-3.448275862068994526e-03
-1.092896174863322491e-03,1.821493624772352327e-03,-3.642987249544482392e-04,5.464480874316990193e-03,0.000000000000000000e+00,7.285974499089409306e-04,5.464480874316990193e-03,0.000000000000000000e+00,0.000000000000000000e+00,1.457194899817881861e-03,-1.092896174863322491e-03,3.642987249544704653e-04,0.000000000000000000e+00,0.000000000000000000e+00,7.285974499089409306e-04,0.000000000000000000e+00,2.914389799635696936e-03,3.642987249544926915e-04,3.642987249544593631e-03,-2.185792349726711770e-03,2.550091074681249022e-03,0.000000000000000000e+00,3.642987249544704653e-04,-1.821493624772241304e-03,-1.092896174863322491e-03,-1.821493624772241304e-03,0.000000000000000000e+00,-1.821493624772241304e-03,-3.642987249544260672e-04,0.000000000000000000e+00,3.642987249544704653e-04,-1.092896174863344826e-03,-1.821493624772241304e-03,-3.642987249544482392e-04,4.440892098500626408e-17,-3.642987249544593631e-03,1.092896174863411396e-03,-1.821493624772241304e-03,1.457194899817881861e-03,3.642987249544704653e-04,-1.457194899817792957e-03,-7.285974499088743606e-04,3.642987249544704653e-04,3.642987249544926915e-04,-1.821493624772241304e-03,6.557377049180357353e-03,0.000000000000000000e+00,1.092896174863411396e-03,1.457194899817881861e-03,8.014571948998216663e-03,1.457194899817881861e-03,-7.285974499088964784e-04,5.828779599271416423e-03,2.185792349726800674e-03,6.921675774134805267e-03,3.642987249544704653e-04,-1.821493624772241304e-03,0.000000000000000000e+00,-1.457194899817792957e-03,1.056466302367946655e-02,7.285974499089409306e-04
0.000000000000000000e+00,0.000000000000000000e+00,0.000000000000000000e+00,0.000000000000000000e+00,0.000000000000000000e+00,0.000000000000000000e+00,1.821493624772352327e-03,0.000000000000000000e+00,0.000000000000000000e+00,0.000000000000000000e+00,0.000000000000000000e+00,0.000000000000000000e+00,1.457194899817881861e-03,0.000000000000000000e+00,0.000000000000000000e+00,0.000000000000000000e+00,0.000000000000000000e+00,0.000000000000000000e+00,7.285974499089409306e-04,0.000000000000000000e+00,0.000000000000000000e+00,0.000000000000000000e+00,0.000000000000000000e+00,0.000000000000000000e+00,1.821493624772352327e-03,0.000000000000000000e+00,0.000000000000000000e+00,0.000000000000000000e+00,0.000000000000000000e+00,0.000000000000000000e+00,0.000000000000000000e+00,0.000000000000000000e+00,0.000000000000000000e+00,0.000000000000000000e+00,0.000000000000000000e+00,0.000000000000000000e+00,0.000000000000000000e+00,1.092896174863411396e-03,3.642987249544704653e-03,0.000000000000000000e+00,1.092896174863411396e-03,0.000000000000000000e+00,0.000000000000000000e+00,0.000000000000000000e+00,0.000000000000000000e+00,0.000000000000000000e+00,0.000000000000000000e+00,0.000000000000000000e+00,3.642987249544704653e-04,0.000000000000000000e+00,0.000000000000000000e+00,0.000000000000000000e+00,1.821493624772352327e-03,0.000000000000000000e+00,0.000000000000000000e+00,0.000000000000000000e+00,0.000000000000000000e+00,0.000000000000000000e+00,7.285974499089409306e-04,0.000000000000000000e+00,0.000000000000000000e+00
3.656307129799030164e-04,-3.656307129798808120e-03,-1.828153564899404060e-03,0.000000000000000000e+00,0.000000000000000000e+00,0.000000000000000000e+00,0.000000000000000000e+00,-1.828153564899404060e-03,-1.828153564899404060e-03,0.000000000000000000e+00,0.000000000000000000e+00,0.000000000000000000e+00,1.462522851919612066e-03,-1.828153564899404060e-03,0.000000000000000000e+00,0.000000000000000000e+00,0.000000000000000000e+00,0.000000000000000000e+00,0.000000000000000000e+00,0.000000000000000000e+00,0.000000000000000000e+00,0.000000000000000000e+00,0.000000000000000000e+00,0.000000000000000000e+00,1.828153564899515082e-03,0.000000000000000000e+00,0.000000000000000000e+00,0.000000000000000000e+00,0.000000000000000000e+00,0.000000000000000000e+00,0.000000000000000000e+00,0.000000000000000000e+00,0.000000000000000000e+00,0.000000000000000000e+00,3.656307129799030164e-04,0.000000000000000000e+00,0.000000000000000000e+00,1.096892138939709049e-03,-1.828153564899404060e-03,0.000000000000000000e+00,-3.656307129798807903e-04,-1.828153564899404060e-03,0.000000000000000000e+00,0.000000000000000000e+00,0.000000000000000000e+00,-1.828153564899404060e-03,-1.828153564899404060e-03,0.000000000000000000e+00,-1.828153564899404060e-03,-1.462522851919523161e-03,-7.312614259597615806e-04,-1.462522851919523161e-03,-1.096892138939620145e-03,0.000000000000000000e+00,-1.096892138939642479e-03,0.000000000000000000e+00,0.000000000000000000e+00,0.000000000000000000e+00,-3.656307129798807903e-04,-1.828153564899404060e-03,-3.656307129798808120e-03
3.690036900368953710e-03,-4.428044280442855474e-03,3.690036900368953710e-03,0.000000000000000000e+00,0.000000000000000000e+00,-3.690036900369064732e-03,1.845018450184476855e-03,-4.428044280442855474e-03,2.952029520295162968e-03,-3.690036900369064732e-03,0.000000000000000000e+00,0.000000000000000000e+00,-1.845018450184476855e-03,-3.321033210332147243e-03,0.000000000000000000e+00,1.476014760147559366e-03,-5.535055350553541587e-03,2.214022140221372226e-03,-1.845018450184476855e-03,-5.166051660516646216e-03,1.476014760147581484e-03,-4.440892098500626408e-17,-5.535055350553541587e-03,-2.952029520295251872e-03,-1.107011070110686113e-03,3.690036900368953710e-03,-2.952029520295251872e-03,3.690036900368953710e-03,0.000000000000000000e+00,3.690036900368953710e-03,-3.321033210332147243e-03,7.380073800737907419e-04,3.690036900368953710e-03,-2.220446049250313204e-17,2.952029520295162968e-03,-5.535055350553541587e-03,-3.690036900369064732e-03,-3.690036900369064732e-03,0.000000000000000000e+00,7.380073800737462896e-04,7.380073800737907419e-04,1.845018450184476855e-03,2.214022140221372226e-03,2.583025830258267597e-03,3.690036900368953710e-03,3.690036900368953710e-03,-5.166051660516646216e-03,-2.952029520295251872e-03,7.380073800737907419e-04,-1.845018450184521307e-03,-2.952029520295229754e-03,0.000000000000000000e+00,-1.845018450184476855e-03,-2.952029520295207203e-03,-4.428044280442855474e-03,-2.583025830258334384e-03,-3.321033210332125125e-03,0.000000000000000000e+00,1.476014760147581484e-03,-5.535055350553541587e-03,-5.166051660516646216e-03
-1.426024955436666544e-03,-3.565062388591777598e-03,0.000000000000000000e+00,0.000000000000000000e+00,0.000000000000000000e+00,0.000000000000000000e+00,1.426024955436799900e-03,-2.852049910873399874e-03,0.000000000000000000e+00,0.000000000000000000e+00,0.000000000000000000e+00,0.000000000000000000e+00,-3.565062388591666359e-04,-1.782531194295833288e-03,0.000000000000000000e+00,0.000000000000000000e+00,0.000000000000000000e+00,0.000000000000000000e+00,-1.782531194295833288e-03,0.000000000000000000e+00,0.000000000000000000e+00,0.000000000000000000e+00,0.000000000000000000e+00,0.000000000000000000e+00,-3.565062388591777598e-03,0.000000000000000000e+00,0.000000000000000000e+00,-2.139037433155044268e-03,0.000000000000000000e+00,0.000000000000000000e+00,0.000000000000000000e+00,0.000000000000000000e+00,0.000000000000000000e+00,0.000000000000000000e+00,0.000000000000000000e+00,0.000000000000000000e+00,0.000000000000000000e+00,1.426024955436755448e-03,0.000000000000000000e+00,-1.782531194295833288e-03,-3.565062388591733362e-03,-3.565062388591666359e-04,0.000000000000000000e+00,0.000000000000000000e+00,-1.069518716577522134e-03,0.000000000000000000e+00,0.000000000000000000e+00,0.000000000000000000e+00,0.000000000000000000e+00,0.000000000000000000e+00,0.000000000000000000e+00,0.000000000000000000e+00,-1.782531194295833288e-03,0.000000000000000000e+00,0.000000000000000000e+00,0.000000000000000000e+00,0.000000000000000000e+00,-7.130124777183332718e-04,-1.782531194295833288e-03,0.000000000000000000e+00,-3.565062388591777598e-03
0.000000000000000000e+00,-1.102941176470584317e-03,3.676470588235281056e-04,1.838235294117640528e-03,0.000000000000000000e+00,0.000000000000000000e+00,3.676470588235281056e-03,3.676470588235281056e-04,7.352941176470562112e-04,3.676470588235281056e-04,3.676470588235281056e-04,0.000000000000000000e+00,2.941176470588224845e-03,3.676470588235281056e-04,0.000000000000000000e+00,0.000000000000000000e+00,3.676470588235281056e-04,0.000000000000000000e+00,3.676470588235281056e-04,4.044117647058809162e-03,3.676470588235281056e-04,0.000000000000000000e+00,0.000000000000000000e+00,7.352941176470562112e-04,0.000000000000000000e+00,0.000000000000000000e+00,0.000000000000000000e+00,0.000000000000000000e+00,0.000000000000000000e+00,0.000000000000000000e+00,0.000000000000000000e+00,0.000000000000000000e+00,0.000000000000000000e+00,0.000000000000000000e+00,0.000000000000000000e+00,1.838235294117640528e-03,1.102941176470584317e-03,1.470588235294112422e-03,1.838235294117640528e-03,-3.676470588235281056e-04,0.000000000000000000e+00,1.838235294117640528e-03,0.000000000000000000e+00,1.838235294117640528e-03,0.000000000000000000e+00,2.573529411764696739e-03,0.000000000000000000e+00,0.000000000000000000e+00,1.838235294117640528e-03,1.470588235294112422e-03,0.000000000000000000e+00,1.838235294117640528e-03,0.000000000000000000e+00,0.000000000000000000e+00,1.838235294117640528e-03,0.000000000000000000e+00,0.000000000000000000e+00,0.000000000000000000e+00,3.676470588235281056e-04,0.000000000000000000e+00,-3.676470588235281056e-04
2.139037433155022150e-03,0.000000000000000000e+00,3.565062388591777598e-03,2.852049910873421992e-03,7.130124777183332718e-04,7.130124777183332718e-04,2.495543672014211012e-03,1.782531194295833288e-03,3.565062388591777598e-03,-7.130124777183777240e-04,0.000000000000000000e+00,7.130124777183332718e-04,7.130124777183554979e-04,0.000000000000000000e+00,3.565062388591666359e-04,1.426024955436666544e-03,2.139037433155022150e-03,3.565062388591777598e-03,-1.782531194295944310e-03,-3.565062388591888620e-04,0.000000000000000000e+00,3.565062388591666359e-04,3.208556149732588736e-03,0.000000000000000000e+00,7.843137254901910368e-03,3.565062388591777598e-03,1.426024955436666544e-03,3.565062388591777598e-03,1.782531194295833288e-03,3.208556149732588736e-03,0.000000000000000000e+00,0.000000000000000000e+00,4.278074866310132771e-03,3.208556149732588736e-03,2.495543672014211012e-03,-1.782531194295944310e-03,2.852049910873399874e-03,-1.782531194295944310e-03,1.069518716577500016e-03,0.000000000000000000e+00,3.565062388591777598e-03,0.000000000000000000e+00,7.130124777183332718e-04,2.852049910873399874e-03,3.565062388591777598e-03,3.565062388591777598e-03,1.782531194295833288e-03,1.069518716577500016e-03,1.782531194295833288e-03,0.000000000000000000e+00,1.426024955436666544e-03,1.426024955436666544e-03,1.782531194295833288e-03,1.782531194295833288e-03,-1.782531194295944310e-03,7.130124777183332718e-04,2.139037433155022150e-03,2.139037433155022150e-03,0.000000000000000000e+00,0.000000000000000000e+00,0.000000000000000000e+00
-1.446654611211517505e-03,-1.084990958408638129e-03,-2.531645569620199869e-03,-3.616636528028904785e-03,0.000000000000000000e+00,0.000000000000000000e+00,-2.531645569620199869e-03,-5.424954792043412688e-03,-3.616636528028904785e-03,-1.446654611211517505e-03,-1.808318264014396881e-03,0.000000000000000000e+00,-5.424954792043412688e-03,0.000000000000000000e+00,-3.616636528028793762e-04,0.000000000000000000e+00,-3.616636528028793762e-04,-1.808318264014396881e-03,-9.041591320072317473e-03,0.000000000000000000e+00,-1.446654611211517505e-03,0.000000000000000000e+00,0.000000000000000000e+00,0.000000000000000000e+00,1.084990958408704699e-03,-1.808318264014396881e-03,0.000000000000000000e+00,0.000000000000000000e+00,-3.616636528028793762e-04,-1.446654611211561957e-03,0.000000000000000000e+00,0.000000000000000000e+00,0.000000000000000000e+00,0.000000000000000000e+00,7.233273056057809786e-04,0.000000000000000000e+00,-1.446654611211517505e-03,0.000000000000000000e+00,-3.616636528028904785e-03,0.000000000000000000e+00,-7.233273056057587524e-04,-1.808318264014396881e-03,1.808318264014507903e-03,-1.808318264014396881e-03,1.446654611211606409e-03,0.000000000000000000e+00,-3.616636528028904785e-03,0.000000000000000000e+00,-3.616636528028904785e-03,1.808318264014507903e-03,0.000000000000000000e+00,-1.446654611211561957e-03,-5.424954792043412688e-03,0.000000000000000000e+00,0.000000000000000000e+00,-7.233273056057809786e-04,0.000000000000000000e+00,-1.808318264014396881e-03,-1.808318264014396881e-03,1.808318264014507903e-03,-1.084990958408638129e-03
0.000000000000000000e+00,-2.158273381294950524e-03,-3.237410071942426002e-03,-3.597122302158028972e-04,-1.438848920863300494e-03,-1.438848920863300494e-03,0.000000000000000000e+00,-7.194244604316502468e-04,-3.597122302158251017e-03,-1.798561151079125509e-03,-1.798561151079125509e-03,-7.194244604316502468e-04,7.194244604316945907e-04,-7.194244604316502468e-04,-3.597122302158251234e-04,-3.597122302158251234e-04,0.000000000000000000e+00,1.079136690647541832e-03,-3.597122302158251017e-03,0.000000000000000000e+00,3.597122302158472953e-04,0.000000000000000000e+00,-1.438848920863278159e-03,1.798561151079236531e-03,-1.079136690647386574e-03,0.000000000000000000e+00,-7.194244604316502468e-04,7.194244604316945907e-04,0.000000000000000000e+00,-2.877697841726600987e-03,-1.798561151079125509e-03,0.000000000000000000e+00,1.438848920863389181e-03,-1.438848920863278159e-03,7.194244604317168168e-04,1.079136690647519714e-03,-7.194244604316502468e-04,5.395683453237487548e-03,7.194244604317168168e-04,-1.438848920863300494e-03,-2.517985611510753421e-03,0.000000000000000000e+00,0.000000000000000000e+00,0.000000000000000000e+00,3.597122302158472953e-04,1.798561151079236531e-03,-7.194244604316502468e-04,-1.079136690647475262e-03,-1.798561151079125509e-03,-3.597122302158251017e-03,1.079136690647564166e-03,-7.194244604316502468e-04,7.194244604317390429e-04,0.000000000000000000e+00,-1.438848920863300494e-03,-7.194244604316502468e-04,3.597122302158472953e-04,-1.798561151079125509e-03,1.438848920863389181e-03,-2.158273381294950524e-03,-1.438848920863300494e-03
1.486988847583603415e-03,1.486988847583603415e-03,1.486988847583603415e-03,0.000000000000000000e+00,0.000000000000000000e+00,0.000000000000000000e+00,0.000000000000000000e+00,0.000000000000000000e+00,0.000000000000000000e+00,0.000000000000000000e+00,0.000000000000000000e+00,0.000000000000000000e+00,3.717472118959008753e-03,1.115241635687702669e-03,0.000000000000000000e+00,0.000000000000000000e+00,7.434944237918017073e-04,0.000000000000000000e+00,3.717472118959008753e-03,3.717472118959052989e-03,0.000000000000000000e+00,0.000000000000000000e+00,0.000000000000000000e+00,0.000000000000000000e+00,0.000000000000000000e+00,0.000000000000000000e+00,0.000000000000000000e+00,0.000000000000000000e+00,0.000000000000000000e+00,3.717472118959008536e-04,0.000000000000000000e+00,0.000000000000000000e+00,3.717472118959008536e-04,0.000000000000000000e+00,0.000000000000000000e+00,-4.440892098500626408e-17,0.000000000000000000e+00,0.000000000000000000e+00,3.717472118959008536e-04,0.000000000000000000e+00,0.000000000000000000e+00,0.000000000000000000e+00,0.000000000000000000e+00,0.000000000000000000e+00,0.000000000000000000e+00,7.434944237918017073e-04,0.000000000000000000e+00,0.000000000000000000e+00,0.000000000000000000e+00,0.000000000000000000e+00,0.000000000000000000e+00,0.000000000000000000e+00,0.000000000000000000e+00,0.000000000000000000e+00,3.717472118959008753e-03,0.000000000000000000e+00,0.000000000000000000e+00,1.858736059479504377e-03,0.000000000000000000e+00,0.000000000000000000e+00,1.486988847583603415e-03
0.000000000000000000e+00,0.000000000000000000e+00,-1.828153564899515082e-03,-1.828153564899515082e-03,0.000000000000000000e+00,0.000000000000000000e+00,1.828153564899404060e-03,-1.096892138939686932e-03,-1.828153564899515082e-03,0.000000000000000000e+00,-2.925045703839157345e-03,0.000000000000000000e+00,-1.828153564899515082e-03,0.000000000000000000e+00,0.000000000000000000e+00,-7.312614259597838067e-04,-1.828153564899515082e-03,-1.828153564899515082e-03,-3.656307129798919142e-03,1.462522851919523161e-03,-7.312614259597838067e-04,0.000000000000000000e+00,1.828153564899404060e-03,-3.656307129798919142e-03,-1.462522851919567613e-03,0.000000000000000000e+00,0.000000000000000000e+00,0.000000000000000000e+00,0.000000000000000000e+00,-1.462522851919612066e-03,0.000000000000000000e+00,-7.312614259597838067e-04,0.000000000000000000e+00,3.656307129798363922e-04,0.000000000000000000e+00,-2.193784277879395981e-03,0.000000000000000000e+00,-1.096892138939709049e-03,-4.387568555758747726e-03,0.000000000000000000e+00,-1.828153564899515082e-03,-2.193784277879351312e-03,0.000000000000000000e+00,-1.828153564899515082e-03,-3.656307129799030164e-04,-3.656307129798963378e-03,0.000000000000000000e+00,0.000000000000000000e+00,-1.828153564899515082e-03,-1.828153564899515082e-03,0.000000000000000000e+00,-1.096892138939686932e-03,-1.828153564899515082e-03,0.000000000000000000e+00,0.000000000000000000e+00,0.000000000000000000e+00,-1.462522851919612066e-03,-3.656307129798919142e-03,0.000000000000000000e+00,0.000000000000000000e+00,0.000000000000000000e+00
0.000000000000000000e+00,-3.558718861209952955e-03,0.000000000000000000e+00,0.000000000000000000e+00,0.000000000000000000e+00,-1.067615658362952536e-03,0.000000000000000000e+00,0.000000000000000000e+00,0.000000000000000000e+00,0.000000000000000000e+00,0.000000000000000000e+00,0.000000000000000000e+00,0.000000000000000000e+00,-1.779359430604920966e-03,0.000000000000000000e+00,0.000000000000000000e+00,0.000000000000000000e+00,0.000000000000000000e+00,-3.558718861209842150e-04,-1.779359430604920966e-03,0.000000000000000000e+00,0.000000000000000000e+00,0.000000000000000000e+00,0.000000000000000000e+00,0.000000000000000000e+00,0.000000000000000000e+00,0.000000000000000000e+00,0.000000000000000000e+00,0.000000000000000000e+00,0.000000000000000000e+00,0.000000000000000000e+00,0.000000000000000000e+00,0.000000000000000000e+00,0.000000000000000000e+00,0.000000000000000000e+00,-5.338078291814918157e-03,0.000000000000000000e+00,0.000000000000000000e+00,1.779359430605031989e-03,0.000000000000000000e+00,0.000000000000000000e+00,0.000000000000000000e+00,0.000000000000000000e+00,0.000000000000000000e+00,0.000000000000000000e+00,0.000000000000000000e+00,-3.558718861209842150e-04,0.000000000000000000e+00,0.000000000000000000e+00,-1.779359430604920966e-03,0.000000000000000000e+00,0.000000000000000000e+00,0.000000000000000000e+00,0.000000000000000000e+00,-1.423487544483936860e-03,0.000000000000000000e+00,0.000000000000000000e+00,0.000000000000000000e+00,0.000000000000000000e+00,-1.779359430604920966e-03,-3.558718861209952955e-03
0.000000000000000000e+00,-1.801801801801783398e-03,-1.801801801801783398e-03,1.801801801801783398e-03,-1.081081081081070039e-03,-3.603603603603566796e-04,-3.603603603603566796e-04,0.000000000000000000e+00,-1.801801801801783398e-03,-3.603603603603566796e-04,0.000000000000000000e+00,-1.441441441441426718e-03,-2.162162162162140078e-03,-1.801801801801783398e-03,-1.081081081081070039e-03,-1.081081081081070039e-03,-1.801801801801783398e-03,-1.441441441441426718e-03,-3.603603603603566796e-04,-2.162162162162140078e-03,0.000000000000000000e+00,-1.081081081081070039e-03,-1.441441441441426718e-03,1.441441441441426718e-03,1.801801801801783398e-03,-1.081081081081070039e-03,-7.207207207207133592e-04,1.801801801801783398e-03,-1.081081081081070039e-03,-1.441441441441426718e-03,-1.081081081081070039e-03,-1.801801801801783398e-03,1.801801801801783398e-03,-1.801801801801783398e-03,-3.603603603603566796e-04,-3.963963963963923476e-03,-1.081081081081070039e-03,-1.801801801801783398e-03,3.603603603603566796e-04,-7.207207207207133592e-04,-1.801801801801783398e-03,1.081081081081092157e-03,-1.081081081081070039e-03,-7.207207207207133592e-04,1.801801801801783398e-03,0.000000000000000000e+00,-1.801801801801783398e-03,-1.081081081081070039e-03,0.000000000000000000e+00,0.000000000000000000e+00,-1.801801801801783398e-03,-7.207207207207133592e-04,1.081081081081070039e-03,-7.207207207207133592e-04,7.207207207207355854e-04,-1.441441441441426718e-03,1.441441441441426718e-03,-1.801801801801783398e-03,3.603603603603566796e-04,-1.801801801801783398e-03,-2.162162162162140078e-03
3.296703296703284991e-03,1.831501831501824995e-03,0.000000000000000000e+00,0.000000000000000000e+00,3.663003663003649990e-04,3.663003663003649990e-03,3.663003663003649990e-03,-2.930402930402919992e-03,7.326007326007299980e-04,3.663003663003649990e-04,-1.098901098901094997e-03,1.098901098901094997e-03,1.098901098901094997e-03,4.395604395604379988e-03,2.197802197802189994e-03,2.564102564102554993e-03,1.098901098901094997e-03,1.831501831501824995e-03,1.831501831501824995e-03,-5.860805860805839984e-03,0.000000000000000000e+00,2.564102564102554993e-03,3.296703296703284991e-03,1.098901098901094997e-03,1.831501831501824995e-03,2.197802197802189994e-03,2.564102564102554993e-03,2.930402930402919992e-03,3.296703296703284991e-03,2.930402930402919992e-03,7.326007326007299980e-04,1.465201465201459996e-03,3.663003663003649990e-03,2.930402930402919992e-03,2.564102564102554993e-03,-2.564102564102554993e-03,3.663003663003649990e-03,-5.494505494505474985e-03,-6.959706959706934981e-03,3.663003663003649990e-03,-2.564102564102554993e-03,-3.663003663003649990e-03,2.564102564102554993e-03,3.663003663003649990e-04,2.197802197802189994e-03,0.000000000000000000e+00,-2.930402930402919992e-03,1.098901098901094997e-03,-1.172161172161167997e-02,-1.831501831501824995e-03,3.663003663003649990e-03,-7.326007326007299980e-04,-4.029304029304014989e-03,3.663003663003649990e-03,-5.494505494505474985e-03,1.098901098901094997e-03,1.831501831501824995e-03,0.000000000000000000e+00,3.663003663003649990e-03,3.663003663003649990e-03,1.098901098901094997e-03
0.000000000000000000e+00,-1.090909090909097890e-03,-1.818181818181829890e-03,0.000000000000000000e+00,0.000000000000000000e+00,0.000000000000000000e+00,-3.636363636363659996e-04,0.000000000000000000e+00,-2.181818181818195781e-03,0.000000000000000000e+00,0.000000000000000000e+00,0.000000000000000000e+00,-1.818181818181829890e-03,0.000000000000000000e+00,0.000000000000000000e+00,0.000000000000000000e+00,0.000000000000000000e+00,-1.818181818181829890e-03,-1.090909090909097890e-03,0.000000000000000000e+00,0.000000000000000000e+00,0.000000000000000000e+00,0.000000000000000000e+00,0.000000000000000000e+00,0.000000000000000000e+00,0.000000000000000000e+00,0.000000000000000000e+00,-1.818181818181829890e-03,0.000000000000000000e+00,-1.818181818181829890e-03,0.000000000000000000e+00,0.000000000000000000e+00,0.000000000000000000e+00,0.000000000000000000e+00,-3.636363636363659996e-04,0.000000000000000000e+00,0.000000000000000000e+00,-3.636363636363659996e-04,0.000000000000000000e+00,0.000000000000000000e+00,-2.909090909090927997e-03,0.000000000000000000e+00,0.000000000000000000e+00,0.000000000000000000e+00,0.000000000000000000e+00,0.000000000000000000e+00,0.000000000000000000e+00,0.000000000000000000e+00,-1.818181818181829890e-03,-7.272727272727319992e-04,0.000000000000000000e+00,0.000000000000000000e+00,0.000000000000000000e+00,0.000000000000000000e+00,0.000000000000000000e+00,0.000000000000000000e+00,0.000000000000000000e+00,-1.818181818181829890e-03,0.000000000000000000e+00,-1.818181818181829890e-03,-7.272727272727319992e-04
-1.811594202898558770e-03,1.811594202898558770e-03,0.000000000000000000e+00,5.072463768115964208e-03,1.086956521739135218e-03,3.623188405797117756e-04,1.811594202898558770e-03,1.449275362318847103e-03,0.000000000000000000e+00,2.536231884057982104e-03,-3.623188405797006517e-03,1.086956521739135218e-03,2.173913043478270437e-03,1.811594202898558770e-03,1.449275362318847103e-03,1.449275362318847103e-03,1.086956521739135218e-03,-7.246376811593790990e-04,2.898550724637694205e-03,3.623188405797117756e-04,1.449275362318847103e-03,7.246376811594235513e-04,1.086956521739135218e-03,3.623188405797117756e-04,1.449275362318847103e-03,0.000000000000000000e+00,3.623188405797117756e-04,-3.623188405797006517e-03,7.246376811594235513e-04,0.000000000000000000e+00,3.623188405797117756e-04,1.449275362318847103e-03,7.246376811594456690e-04,1.086956521739135218e-03,0.000000000000000000e+00,1.811594202898558770e-03,3.623188405797117756e-04,7.246376811594235513e-04,-1.086956521739135218e-03,1.811594202898558770e-03,-2.536231884057937869e-03,3.260869565217405872e-03,-3.623188405797117756e-04,-1.811594202898558770e-03,-1.449275362318847103e-03,-7.246376811594013251e-04,3.623188405797117756e-04,1.811594202898558770e-03,0.000000000000000000e+00,3.623188405797117756e-04,3.623188405797117756e-04,0.000000000000000000e+00,1.811594202898558770e-03,1.086956521739135218e-03,1.811594202898558770e-03,3.623188405797117756e-04,-3.623188405797006517e-03,0.000000000000000000e+00,0.000000000000000000e+00,0.000000000000000000e+00,1.811594202898558770e-03
0.000000000000000000e+00,1.457194899817792957e-03,0.000000000000000000e+00,1.821493624772307874e-03,3.642987249544482392e-04,7.285974499088964784e-04,0.000000000000000000e+00,5.100182149362452941e-03,0.000000000000000000e+00,3.278688524590123166e-03,2.914389799635630583e-03,0.000000000000000000e+00,0.000000000000000000e+00,0.000000000000000000e+00,0.000000000000000000e+00,0.000000000000000000e+00,1.457194899817837409e-03,7.285974499089187262e-03,0.000000000000000000e+00,0.000000000000000000e+00,-7.285974499089631568e-04,0.000000000000000000e+00,2.185792349726711770e-03,3.278688524590123166e-03,2.914389799635652700e-03,1.092896174863366944e-03,3.642987249544482392e-04,1.821493624772285757e-03,3.642987249544482392e-04,0.000000000000000000e+00,3.642987249544482392e-04,0.000000000000000000e+00,2.550091074681182235e-03,1.457194899817792957e-03,7.650273224043657727e-03,1.821493624772241304e-03,-1.821493624772352327e-03,2.914389799635652700e-03,7.285974499089187262e-03,3.642987249544482392e-04,0.000000000000000000e+00,2.185792349726756005e-03,7.285974499088964784e-04,3.642987249544571513e-03,1.821493624772241304e-03,7.285974499089187262e-03,1.092896174863366944e-03,3.642987249544482392e-04,-1.092896174863433514e-03,2.550091074681182235e-03,0.000000000000000000e+00,3.642987249544482392e-04,-5.464480874316945958e-03,1.821493624772285757e-03,1.457194899817792957e-03,0.000000000000000000e+00,2.914389799635674818e-03,2.550091074681226470e-03,2.914389799635652700e-03,-3.642987249545148634e-04,7.285974499088964784e-04
0.000000000000000000e+00,-7.194244604316502468e-04,-3.597122302158251234e-04,0.000000000000000000e+00,0.000000000000000000e+00,0.000000000000000000e+00,4.676258992805726496e-03,1.438848920863300494e-03,-3.597122302158251234e-04,-1.798561151079125509e-03,0.000000000000000000e+00,7.194244604316502468e-04,1.438848920863300494e-03,3.597122302158251234e-04,3.597122302158251234e-04,0.000000000000000000e+00,1.438848920863300494e-03,-1.798561151079125509e-03,-3.597122302158251234e-04,1.079136690647475262e-03,0.000000000000000000e+00,0.000000000000000000e+00,0.000000000000000000e+00,-3.597122302158251234e-04,1.438848920863300494e-03,3.597122302158251234e-04,7.194244604316502468e-04,-3.597122302158251234e-04,1.079136690647475262e-03,7.194244604316502468e-04,3.597122302158251234e-04,3.597122302158251234e-04,1.438848920863300494e-03,3.597122302158251234e-04,-3.597122302158251234e-04,-3.597122302158251234e-04,1.079136690647475262e-03,1.438848920863300494e-03,-7.194244604316502468e-04,-3.597122302158251234e-04,-1.079136690647475262e-03,0.000000000000000000e+00,3.597122302158251234e-04,-1.798561151079125509e-03,1.438848920863300494e-03,0.000000000000000000e+00,1.798561151079125509e-03,0.000000000000000000e+00,-1.798561151079125509e-03,0.000000000000000000e+00,1.798561151079125509e-03,1.798561151079125509e-03,7.194244604316502468e-04,1.798561151079125509e-03,7.194244604316502468e-04,0.000000000000000000e+00,-1.079136690647475262e-03,-1.798561151079125509e-03,1.079136690647475262e-03,0.000000000000000000e+00,-1.079136690647475262e-03
0.000000000000000000e+00,1.782531194295922192e-03,0.000000000000000000e+00,-3.565062388591888620e-04,3.565062388591888620e-04,-3.565062388591777598e-03,-1.069518716577566586e-03,0.000000000000000000e+00,0.000000000000000000e+00,-3.565062388591777598e-03,-3.565062388591888620e-04,0.000000000000000000e+00,0.000000000000000000e+00,7.130124777183777240e-04,0.000000000000000000e+00,0.000000000000000000e+00,0.000000000000000000e+00,0.000000000000000000e+00,0.000000000000000000e+00,-4.278074866310155322e-03,0.000000000000000000e+00,0.000000000000000000e+00,0.000000000000000000e+00,1.069518716577566586e-03,-1.782531194295944310e-03,0.000000000000000000e+00,0.000000000000000000e+00,-7.130124777183554979e-04,-3.565062388591888620e-04,0.000000000000000000e+00,0.000000000000000000e+00,0.000000000000000000e+00,-2.852049910873444109e-03,0.000000000000000000e+00,0.000000000000000000e+00,-3.565062388591777598e-03,-2.852049910873444109e-03,-3.565062388591777598e-03,-3.208556149732610854e-03,3.565062388591888620e-04,-3.565062388591777598e-03,0.000000000000000000e+00,0.000000000000000000e+00,1.782531194295944310e-03,-3.565062388591777598e-03,3.565062388591888620e-04,0.000000000000000000e+00,0.000000000000000000e+00,-3.565062388591777598e-03,-3.565062388591888620e-04,-3.565062388591888620e-04,-1.782531194295944310e-03,-5.347593582887721908e-03,0.000000000000000000e+00,-7.130124777183554979e-04,0.000000000000000000e+00,0.000000000000000000e+00,-5.347593582887677673e-03,-2.139037433155088937e-03,0.000000000000000000e+00,2.495543672014255247e-03
0.000000000000000000e+00,0.000000000000000000e+00,0.000000000000000000e+00,0.000000000000000000e+00,0.000000000000000000e+00,0.000000000000000000e+00,-3.663003663003649990e-04,-1.465201465201459996e-03,0.000000000000000000e+00,-1.831501831501824995e-03,0.000000000000000000e+00,0.000000000000000000e+00,3.663003663003649990e-04,0.000000000000000000e+00,0.000000000000000000e+00,0.000000000000000000e+00,0.000000000000000000e+00,0.000000000000000000e+00,0.000000000000000000e+00,-1.831501831501824995e-03,0.000000000000000000e+00,0.000000000000000000e+00,0.000000000000000000e+00,0.000000000000000000e+00,-1.098901098901094997e-03,0.000000000000000000e+00,0.000000000000000000e+00,0.000000000000000000e+00,0.000000000000000000e+00,0.000000000000000000e+00,0.000000000000000000e+00,0.000000000000000000e+00,0.000000000000000000e+00,0.000000000000000000e+00,-7.326007326007299980e-04,0.000000000000000000e+00,0.000000000000000000e+00,0.000000000000000000e+00,0.000000000000000000e+00,0.000000000000000000e+00,0.000000000000000000e+00,0.000000000000000000e+00,0.000000000000000000e+00,0.000000000000000000e+00,-1.831501831501824995e-03,0.000000000000000000e+00,0.000000000000000000e+00,0.000000000000000000e+00,0.000000000000000000e+00,0.000000000000000000e+00,0.000000000000000000e+00,0.000000000000000000e+00,-1.831501831501824995e-03,0.000000000000000000e+00,0.000000000000000000e+00,0.000000000000000000e+00,0.000000000000000000e+00,0.000000000000000000e+00,0.000000000000000000e+00,-1.098901098901094997e-03,0.000000000000000000e+00
5.663716814159336366e-03,0.000000000000000000e+00,1.061946902654886627e-03,0.000000000000000000e+00,3.539823008849696359e-04,0.000000000000000000e+00,7.079646017699170457e-03,3.539823008849585229e-03,3.539823008849585229e-03,3.893805309734577145e-03,0.000000000000000000e+00,7.079646017699170457e-04,3.539823008849696359e-04,2.123893805309795373e-03,0.000000000000000000e+00,0.000000000000000000e+00,3.539823008849696359e-04,4.247787610619479723e-03,6.725663716814200659e-03,3.539823008849585229e-03,0.000000000000000000e+00,1.061946902654886627e-03,0.000000000000000000e+00,1.769911504424848125e-03,1.769911504424848125e-03,2.831858407079690301e-03,3.539823008849696359e-04,2.477876106194743053e-03,1.415929203539856209e-03,1.769911504424803673e-03,0.000000000000000000e+00,1.415929203539834091e-03,5.309734513274322332e-03,1.415929203539878544e-03,1.769911504424848125e-03,1.769911504424848125e-03,7.079646017699170457e-03,6.017699115044306164e-03,3.539823008849585229e-03,5.309734513274366567e-03,2.123893805309751137e-03,1.769911504424848125e-03,3.539823008849607346e-03,0.000000000000000000e+00,3.893805309734532476e-03,2.831858407079668183e-03,3.539823008849585229e-03,0.000000000000000000e+00,2.477876106194743053e-03,-1.769911504424737103e-03,1.415929203539856209e-03,3.539823008849585229e-03,1.769911504424848125e-03,0.000000000000000000e+00,1.769911504424848125e-03,7.079646017699392719e-04,0.000000000000000000e+00,7.079646017699147906e-03,3.185840707964615430e-03,-1.769911504424737103e-03,0.000000000000000000e+00
3.649635036496290397e-03,3.649635036496290397e-03,0.000000000000000000e+00,0.000000000000000000e+00,0.000000000000000000e+00,1.824817518248145198e-03,1.824817518248145198e-03,1.824817518248145198e-03,0.000000000000000000e+00,1.824817518248145198e-03,0.000000000000000000e+00,0.000000000000000000e+00,0.000000000000000000e+00,1.824817518248145198e-03,0.000000000000000000e+00,0.000000000000000000e+00,0.000000000000000000e+00,2.554744525547403191e-03,3.649635036496290397e-03,0.000000000000000000e+00,0.000000000000000000e+00,0.000000000000000000e+00,1.824817518248145198e-03,0.000000000000000000e+00,2.919708029197032404e-03,2.919708029197032404e-03,7.299270072992581010e-04,2.919708029197032404e-03,0.000000000000000000e+00,0.000000000000000000e+00,0.000000000000000000e+00,1.459854014598516202e-03,2.554744525547403191e-03,1.824817518248145198e-03,2.189781021897774411e-03,3.649635036496290397e-03,1.094890510948887206e-03,1.824817518248145198e-03,1.824817518248145198e-03,1.824817518248145198e-03,0.000000000000000000e+00,0.000000000000000000e+00,2.554744525547403191e-03,1.824817518248145198e-03,3.649635036496290397e-03,1.824817518248145198e-03,1.459854014598516202e-03,0.000000000000000000e+00,0.000000000000000000e+00,0.000000000000000000e+00,0.000000000000000000e+00,0.000000000000000000e+00,1.824817518248145198e-03,0.000000000000000000e+00,0.000000000000000000e+00,0.000000000000000000e+00,3.284671532846661184e-03,7.299270072992581010e-04,1.824817518248145198e-03,2.189781021897774411e-03,3.649635036496290397e-03
1.481481481481417006e-03,-2.592592592592635019e-03,-7.777777777777816585e-03,-1.851851851851882280e-03,0.000000000000000000e+00,2.222222222222169745e-03,0.000000000000000000e+00,3.333333333333277169e-03,-6.666666666666709595e-03,2.222222222222192296e-03,-1.481481481481483576e-03,0.000000000000000000e+00,1.851851851851771258e-03,1.851851851851771258e-03,0.000000000000000000e+00,0.000000000000000000e+00,-3.703703703703764777e-04,1.851851851851771258e-03,-3.703703703703764560e-03,3.333333333333277169e-03,0.000000000000000000e+00,-1.111111111111129325e-03,0.000000000000000000e+00,0.000000000000000000e+00,1.111111111111062755e-03,1.851851851851771258e-03,0.000000000000000000e+00,1.481481481481417006e-03,0.000000000000000000e+00,-1.851851851851882280e-03,0.000000000000000000e+00,0.000000000000000000e+00,7.407407407407085032e-04,0.000000000000000000e+00,1.851851851851771258e-03,-7.407407407407440650e-03,7.407407407407307293e-04,0.000000000000000000e+00,0.000000000000000000e+00,1.851851851851771258e-03,-1.481481481481505911e-03,0.000000000000000000e+00,1.851851851851771258e-03,-1.851851851851882280e-03,1.111111111111062755e-03,-1.111111111111129325e-03,3.703703703703653538e-03,0.000000000000000000e+00,-5.555555555555624289e-03,-7.407407407407529554e-04,0.000000000000000000e+00,-7.407407407407529554e-04,0.000000000000000000e+00,0.000000000000000000e+00,-1.851851851851882280e-03,0.000000000000000000e+00,0.000000000000000000e+00,-5.555555555555646841e-03,0.000000000000000000e+00,-3.703703703703764560e-03,-2.222222222222258649e-03
6.137184115523441896e-03,0.000000000000000000e+00,-1.083032490974744633e-03,7.220216606498186529e-03,1.444043321299637393e-03,3.610108303249148776e-04,3.971119133573996866e-03,3.610108303249148776e-04,3.610108303248926514e-04,3.610108303249148776e-04,7.220216606498186529e-03,1.805054151624552270e-03,0.000000000000000000e+00,0.000000000000000000e+00,3.610108303249148776e-04,3.610108303249148776e-04,7.220216606498297551e-04,2.527075812274382025e-03,0.000000000000000000e+00,-2.166064981949489265e-03,7.220216606498186529e-03,2.166064981949467148e-03,0.000000000000000000e+00,1.444043321299637393e-03,-3.249097472924233898e-03,6.137184115523464448e-03,3.249097472924189663e-03,4.332129963898867508e-03,2.888086642599274785e-03,2.888086642599274785e-03,3.610108303249148776e-04,0.000000000000000000e+00,2.166064981949467148e-03,1.444043321299637393e-03,5.776173285198549570e-03,-1.805054151624574388e-03,1.805054151624574388e-03,1.444043321299659510e-03,3.610108303249037753e-03,0.000000000000000000e+00,-2.527075812274359908e-03,2.166064981949445030e-03,1.444043321299637393e-03,-3.610108303249148776e-03,7.220216606497853028e-04,6.498194945848356774e-03,3.610108303249148776e-04,2.166064981949467148e-03,1.805054151624507818e-03,5.415162454873612141e-03,2.888086642599274785e-03,2.527075812274359908e-03,7.220216606498297551e-04,1.444043321299637393e-03,1.805054151624574388e-03,1.444043321299637393e-03,2.527075812274359908e-03,-3.610108303249148776e-04,2.888086642599274785e-03,3.610108303249037753e-03,0.000000000000000000e+00
1.841620626151008189e-03,-2.209944751381254235e-03,2.946593001841613189e-03,5.524861878453024566e-03,4.419889502762420000e-03,5.156537753222822755e-03,5.524861878453024566e-03,-1.473296500920806594e-03,3.683241252302016377e-03,2.578268876611411378e-03,5.524861878453024566e-03,4.788213627992620944e-03,6.629834254143629133e-03,1.473296500920806594e-03,5.524861878453024566e-03,5.524861878453024566e-03,5.524861878453024566e-03,1.473296500920806594e-03,3.683241252302016377e-03,6.261510128913428189e-03,5.524861878453024566e-03,5.524861878453024566e-03,2.578268876611411378e-03,2.209944751381210000e-03,3.683241252302016377e-03,0.000000000000000000e+00,3.314917127071814566e-03,1.473296500920806594e-03,4.788213627992620944e-03,3.683241252302016377e-03,5.524861878453024566e-03,1.841620626151008189e-03,1.841620626151008189e-03,4.419889502762420000e-03,1.473296500920806594e-03,1.841620626151008189e-03,5.524861878453024566e-03,-7.366482504604032972e-04,0.000000000000000000e+00,5.893186003683226377e-03,3.683241252302016377e-03,-3.683241252302016486e-04,4.419889502762420000e-03,5.156537753222822755e-03,6.261510128913428189e-03,5.524861878453024566e-03,-1.473296500920806594e-03,2.946593001841613189e-03,0.000000000000000000e+00,5.524861878453024566e-03,0.000000000000000000e+00,5.524861878453024566e-03,1.841620626151008189e-03,0.000000000000000000e+00,3.314917127071814566e-03,5.524861878453024566e-03,2.209944751381210000e-03,2.946593001841613189e-03,0.000000000000000000e+00,5.524861878453024566e-03,-4.051565377532262424e-03
0.000000000000000000e+00,0.000000000000000000e+00,1.855287569573205175e-03,1.855287569573205175e-03,0.000000000000000000e+00,0.000000000000000000e+00,1.855287569573205175e-03,1.855287569573205175e-03,1.855287569573205175e-03,0.000000000000000000e+00,1.855287569573205175e-03,0.000000000000000000e+00,1.113172541743923105e-03,1.855287569573205175e-03,0.000000000000000000e+00,0.000000000000000000e+00,1.855287569573205175e-03,1.855287569573205175e-03,0.000000000000000000e+00,-1.855287569573316198e-03,1.855287569573205175e-03,3.710575139146410351e-04,1.855287569573205175e-03,3.710575139145966370e-04,1.855287569573205175e-03,0.000000000000000000e+00,0.000000000000000000e+00,1.855287569573205175e-03,0.000000000000000000e+00,1.855287569573205175e-03,0.000000000000000000e+00,0.000000000000000000e+00,1.855287569573205175e-03,1.855287569573205175e-03,1.855287569573205175e-03,-1.855287569573316198e-03,0.000000000000000000e+00,-3.710575139146632612e-04,1.855287569573205175e-03,1.855287569573205175e-03,1.855287569573205175e-03,1.855287569573205175e-03,0.000000000000000000e+00,1.855287569573205175e-03,0.000000000000000000e+00,1.855287569573205175e-03,0.000000000000000000e+00,0.000000000000000000e+00,1.855287569573205175e-03,1.113172541743923105e-03,1.855287569573205175e-03,1.855287569573205175e-03,1.484230055658564140e-03,1.484230055658564140e-03,0.000000000000000000e+00,0.000000000000000000e+00,1.855287569573205175e-03,1.855287569573205175e-03,1.855287569573205175e-03,0.000000000000000000e+00,0.000000000000000000e+00
0.000000000000000000e+00,-4.912280701754400888e-03,-3.508771929824572528e-04,0.000000000000000000e+00,-3.508771929824572528e-04,-7.017543859649145056e-04,-3.508771929824572528e-04,-5.263157894736858466e-03,-1.052631578947371650e-03,1.754385964912286155e-03,1.754385964912286155e-03,-7.017543859649145056e-04,-1.754385964912286155e-03,-1.052631578947371650e-03,-7.017543859649145056e-04,-3.508771929824572528e-04,3.508771929824572528e-04,0.000000000000000000e+00,-3.508771929824572311e-03,1.754385964912286155e-03,1.403508771929829011e-03,-1.052631578947371650e-03,-1.754385964912286155e-03,1.754385964912286155e-03,-3.508771929824572528e-04,0.000000000000000000e+00,-7.017543859649145056e-04,7.017543859649145056e-04,-1.403508771929829011e-03,0.000000000000000000e+00,3.508771929824572528e-04,-1.754385964912286155e-03,1.052631578947371650e-03,-1.052631578947371650e-03,0.000000000000000000e+00,-1.052631578947371650e-03,-7.017543859649145056e-04,-3.508771929824572528e-04,3.508771929824572528e-04,3.508771929824572528e-04,-1.754385964912286155e-03,1.052631578947371650e-03,-1.052631578947371650e-03,3.508771929824572528e-04,0.000000000000000000e+00,1.754385964912286155e-03,0.000000000000000000e+00,-1.403508771929829011e-03,-2.105263157894743300e-03,-1.754385964912286155e-03,1.052631578947371650e-03,0.000000000000000000e+00,-3.508771929824572528e-04,1.052631578947371650e-03,-3.508771929824572528e-04,-1.403508771929829011e-03,-3.508771929824572528e-04,-3.157894736842115167e-03,1.403508771929829011e-03,-2.105263157894743300e-03,-7.017543859649144622e-03
-3.597122302158251234e-04,-7.194244604316613056e-03,-3.237410071942426002e-03,0.000000000000000000e+00,0.000000000000000000e+00,0.000000000000000000e+00,0.000000000000000000e+00,1.079136690647475262e-03,-5.035971223021596180e-03,0.000000000000000000e+00,3.597122302158251017e-03,0.000000000000000000e+00,-8.992805755395738565e-03,-3.597122302158251234e-04,0.000000000000000000e+00,0.000000000000000000e+00,-1.438848920863300494e-03,-7.194244604316502468e-04,-1.007194244604321318e-02,-3.956834532374142385e-03,-2.517985611510798090e-03,0.000000000000000000e+00,0.000000000000000000e+00,1.798561151079125509e-03,-1.079136690647486407e-02,-7.194244604316502468e-04,-3.597122302158251234e-04,-9.712230215827366911e-03,-2.158273381294972641e-03,-1.798561151079125509e-03,0.000000000000000000e+00,0.000000000000000000e+00,-1.079136690647475262e-03,0.000000000000000000e+00,-3.597122302158251234e-04,-2.517985611510775538e-03,0.000000000000000000e+00,-3.597122302158251234e-04,-4.316546762589945282e-03,-1.079136690647475262e-03,-6.115107913669137578e-03,1.798561151079125509e-03,0.000000000000000000e+00,-1.798561151079125509e-03,-2.877697841726600987e-03,1.798561151079125509e-03,1.079136690647475262e-03,-3.597122302158251234e-04,-5.755395683453267894e-03,-3.956834532374098150e-03,1.079136690647475262e-03,0.000000000000000000e+00,-4.676258992805770731e-03,1.079136690647475262e-03,-4.676258992805770731e-03,0.000000000000000000e+00,-7.913669064748196300e-03,-3.597122302158251017e-03,1.798561151079125509e-03,-2.158273381294950524e-03,-6.474820143884963027e-03
-1.214285714285709937e-02,-1.785714285714290472e-02,-1.321428571428571140e-02,-3.571428571428558740e-03,-8.214285714285729512e-03,-1.250000000000000069e-02,-7.142857142857117914e-04,-1.249999999999995559e-02,-1.571428571428574658e-02,-1.892857142857147165e-02,-6.071428571428549685e-03,-8.928571428571419402e-03,-1.321428571428566803e-02,-1.607142857142862535e-02,-1.035714285714286510e-02,-1.428571428571425751e-02,-6.785714285714261260e-03,0.000000000000000000e+00,-1.607142857142862535e-02,-1.428571428571423496e-02,-4.642857142857148220e-03,-9.642857142857152661e-03,0.000000000000000000e+00,-1.535714285714289210e-02,-1.250000000000000069e-02,0.000000000000000000e+00,-1.250000000000000069e-02,-1.035714285714288765e-02,-7.142857142857140032e-03,-4.642857142857148220e-03,-6.785714285714261260e-03,-6.785714285714261260e-03,-3.571428571428558957e-04,-2.142857142857135157e-03,0.000000000000000000e+00,-1.357142857142859017e-02,-6.428571428571450141e-03,-8.928571428571419402e-03,-7.142857142857117481e-03,-1.607142857142862535e-02,-1.785714285714279370e-03,-1.357142857142852252e-02,-1.285714285714287773e-02,-5.357142857142838110e-03,-2.000000000000003858e-02,-3.928571428571414961e-03,-1.249999999999995559e-02,-7.142857142857161716e-03,-8.571428571428585733e-03,-5.714285714285694331e-03,-2.142857142857135157e-03,-6.071428571428549685e-03,-5.357142857142838110e-03,-9.999999999999986330e-03,-1.249999999999995559e-02,-8.928571428571419402e-03,-1.821428571428575921e-02,-1.071428571428574214e-02,-8.928571428571396851e-03,-6.071428571428549685e-03,-1.785714285714290472e-02
4.419889502762420000e-03,3.683241252302016377e-03,1.473296500920806594e-03,2.578268876611411378e-03,4.419889502762420000e-03,4.051565377532218189e-03,3.683241252302016377e-03,1.841620626151008189e-03,7.366482504604032972e-04,1.841620626151008189e-03,2.578268876611411378e-03,4.051565377532218189e-03,5.524861878453024566e-03,5.524861878453024566e-03,1.473296500920806594e-03,3.314917127071814566e-03,7.366482504604032972e-04,3.683241252302016377e-03,4.788213627992620944e-03,3.683241252302016377e-03,2.578268876611411378e-03,3.683241252302016377e-03,4.051565377532218189e-03,1.841620626151008189e-03,5.524861878453024566e-03,3.683241252302016377e-03,2.946593001841613189e-03,1.104972375690605000e-03,3.683241252302016377e-03,3.683241252302016486e-04,4.419889502762420000e-03,4.419889502762420000e-03,3.683241252302016486e-04,3.683241252302016377e-03,2.946593001841613189e-03,7.366482504604032972e-04,0.000000000000000000e+00,5.156537753222822755e-03,3.683241252302016377e-03,1.841620626151008189e-03,3.683241252302016377e-03,1.841620626151008189e-03,4.051565377532218189e-03,1.104972375690605000e-03,5.524861878453024566e-03,1.841620626151008189e-03,1.841620626151008189e-03,2.946593001841613189e-03,1.841620626151008189e-03,1.473296500920806594e-03,3.683241252302016377e-03,4.419889502762420000e-03,2.578268876611411378e-03,3.683241252302016377e-03,2.946593001841613189e-03,2.946593001841613189e-03,7.366482504604032972e-04,1.841620626151008189e-03,5.524861878453024566e-03,1.841620626151008189e-03,3.683241252302016377e-03
1.811594202898558770e-03,1.811594202898558770e-03,0.000000000000000000e+00,0.000000000000000000e+00,0.000000000000000000e+00,5.434782608695676309e-03,2.536231884057982104e-03,7.246376811594235079e-03,0.000000000000000000e+00,7.246376811594235513e-04,1.086956521739135218e-03,0.000000000000000000e+00,1.811594202898558770e-03,1.811594202898558770e-03,0.000000000000000000e+00,0.000000000000000000e+00,0.000000000000000000e+00,1.811594202898558770e-03,1.811594202898558770e-03,5.434782608695676309e-03,3.623188405797117756e-04,0.000000000000000000e+00,0.000000000000000000e+00,3.623188405797117756e-04,1.811594202898558770e-03,1.811594202898558770e-03,0.000000000000000000e+00,0.000000000000000000e+00,0.000000000000000000e+00,0.000000000000000000e+00,0.000000000000000000e+00,0.000000000000000000e+00,0.000000000000000000e+00,0.000000000000000000e+00,1.811594202898558770e-03,-1.449275362318847103e-03,0.000000000000000000e+00,-3.623188405797117756e-04,0.000000000000000000e+00,1.811594202898558770e-03,1.811594202898558770e-03,0.000000000000000000e+00,0.000000000000000000e+00,1.811594202898558770e-03,-1.449275362318847103e-03,-1.811594202898558770e-03,7.246376811594235079e-03,0.000000000000000000e+00,0.000000000000000000e+00,0.000000000000000000e+00,0.000000000000000000e+00,0.000000000000000000e+00,-1.811594202898558770e-03,0.000000000000000000e+00,0.000000000000000000e+00,0.000000000000000000e+00,0.000000000000000000e+00,-1.811594202898558770e-03,0.000000000000000000e+00,0.000000000000000000e+00,1.811594202898558770e-03
-1.754385964912286155e-03,7.017543859649145056e-04,1.403508771929829011e-03,2.807017543859658022e-03,3.508771929824572528e-04,0.000000000000000000e+00,-3.508771929824572528e-04,-3.508771929824572528e-04,1.052631578947371650e-03,-3.508771929824572528e-04,0.000000000000000000e+00,0.000000000000000000e+00,1.403508771929829011e-03,3.508771929824572528e-04,3.508771929824572528e-04,3.508771929824572528e-04,7.017543859649145056e-04,-1.754385964912286155e-03,7.017543859649145056e-04,0.000000000000000000e+00,7.017543859649145056e-04,3.508771929824572528e-04,0.000000000000000000e+00,1.052631578947371650e-03,0.000000000000000000e+00,-3.508771929824572528e-04,3.508771929824572528e-04,-1.754385964912286155e-03,0.000000000000000000e+00,7.017543859649145056e-04,0.000000000000000000e+00,3.508771929824572528e-04,-1.754385964912286155e-03,0.000000000000000000e+00,-1.754385964912286155e-03,3.508771929824572528e-04,3.508771929824572528e-04,0.000000000000000000e+00,0.000000000000000000e+00,3.508771929824572528e-04,1.754385964912286155e-03,1.754385964912286155e-03,0.000000000000000000e+00,0.000000000000000000e+00,-7.017543859649145056e-04,2.807017543859658022e-03,0.000000000000000000e+00,3.508771929824572528e-04,0.000000000000000000e+00,0.000000000000000000e+00,0.000000000000000000e+00,2.456140350877200444e-03,0.000000000000000000e+00,0.000000000000000000e+00,0.000000000000000000e+00,1.403508771929829011e-03,7.017543859649145056e-04,0.000000000000000000e+00,1.403508771929829011e-03,0.000000000000000000e+00,1.052631578947371650e-03
0.000000000000000000e+00,-2.201834862385276641e-03,0.000000000000000000e+00,0.000000000000000000e+00,0.000000000000000000e+00,-7.339449541284404077e-03,1.834862385321156530e-03,-1.834862385321045508e-03,0.000000000000000000e+00,-1.467889908256836493e-03,-3.669724770642091233e-04,0.000000000000000000e+00,-3.669724770642091233e-04,-3.302752293577970906e-03,0.000000000000000000e+00,0.000000000000000000e+00,-1.834862385321045508e-03,-1.834862385321045508e-03,0.000000000000000000e+00,-6.972477064220172945e-03,0.000000000000000000e+00,0.000000000000000000e+00,-1.834862385321045508e-03,-1.834862385321045508e-03,-7.339449541284182466e-04,2.220446049250313204e-17,0.000000000000000000e+00,-7.339449541284182466e-04,0.000000000000000000e+00,0.000000000000000000e+00,0.000000000000000000e+00,0.000000000000000000e+00,0.000000000000000000e+00,0.000000000000000000e+00,1.100917431192716166e-03,0.000000000000000000e+00,-1.834862385321045508e-03,0.000000000000000000e+00,-1.834862385321045508e-03,0.000000000000000000e+00,1.100917431192716166e-03,0.000000000000000000e+00,0.000000000000000000e+00,0.000000000000000000e+00,-7.339449541284404077e-03,1.834862385321156530e-03,-5.504587155963247547e-03,0.000000000000000000e+00,-1.834862385321045508e-03,-1.834862385321045508e-03,0.000000000000000000e+00,-3.669724770642091233e-04,-1.834862385321045508e-03,0.000000000000000000e+00,0.000000000000000000e+00,-1.100917431192649596e-03,-7.339449541284404077e-03,-3.669724770642202039e-03,-1.100917431192627262e-03,-1.834862385321045508e-03,-1.834862385321045508e-03
0.000000000000000000e+00,-5.263157894736835915e-03,-5.639097744360888065e-03,1.503759398496207298e-03,-1.127819548872177700e-03,-3.759398496240629051e-03,3.383458646616555217e-03,-1.654135338345863460e-02,-4.887218045112762081e-03,-6.766917293233065331e-03,1.879699248120259014e-03,-1.503759398496251534e-03,3.759398496240518245e-04,-2.631578947368407115e-03,-7.518796992481257668e-04,-3.759398496240584815e-03,-1.879699248120259014e-03,7.518796992481036490e-04,0.000000000000000000e+00,-4.887218045112784633e-03,-4.887218045112784633e-03,-5.639097744360865513e-03,-4.511278195488710799e-03,0.000000000000000000e+00,3.759398496240518245e-04,0.000000000000000000e+00,-1.503759398496251534e-03,-7.518796992481147079e-03,0.000000000000000000e+00,-4.887218045112806317e-03,-6.015037593984940215e-03,-7.518796992481257668e-04,-1.503759398496207298e-03,0.000000000000000000e+00,7.518796992481036490e-04,-3.759398496240629051e-03,-3.759398496240629051e-03,7.518796992481257668e-04,-1.503759398496229416e-03,-3.759398496240629051e-03,-7.142857142857094929e-03,0.000000000000000000e+00,-1.127819548872177700e-03,0.000000000000000000e+00,-5.639097744360888065e-03,-1.879699248120303466e-03,-5.639097744360865513e-03,-7.518796992481257668e-04,-4.511278195488710799e-03,1.879699248120259014e-03,-1.503759398496207298e-03,1.879699248120259014e-03,0.000000000000000000e+00,-3.759398496240518245e-04,0.000000000000000000e+00,-2.631578947368429233e-03,-7.142857142857117481e-03,-5.639097744360888065e-03,0.000000000000000000e+00,-7.142857142857140032e-03,-5.263157894736814231e-03
0.000000000000000000e+00,-3.629764065335772116e-03,-1.814882032667886058e-03,-1.814882032667886058e-03,-1.814882032667886058e-03,-1.088929219600731678e-03,-1.814882032667886058e-03,-4.718693284936503578e-03,-2.177858439201463357e-03,-3.266787658802194818e-03,-3.629764065335771899e-04,-1.814882032667886058e-03,-1.814882032667886058e-03,-2.177858439201463357e-03,-1.451905626134308760e-03,-1.451905626134308760e-03,-2.177858439201463357e-03,-3.629764065335772116e-03,-3.629764065335772116e-03,-1.814882032667886058e-03,-1.451905626134308760e-03,-1.814882032667886058e-03,-1.814882032667886058e-03,-7.259528130671543799e-04,0.000000000000000000e+00,-3.629764065335772116e-03,-3.629764065335771899e-04,-2.903811252268617520e-03,-1.088929219600731678e-03,-2.177858439201463357e-03,-2.177858439201463357e-03,-1.814882032667886058e-03,-1.814882032667886058e-03,-1.814882032667886058e-03,-1.814882032667886058e-03,-5.081669691470081310e-03,-2.177858439201463357e-03,-5.444646098003658174e-03,0.000000000000000000e+00,-1.814882032667886058e-03,-1.814882032667886058e-03,-1.088929219600731678e-03,-1.088929219600731678e-03,-1.814882032667886058e-03,-1.814882032667886058e-03,-1.814882032667886058e-03,-1.814882032667886058e-03,-7.259528130671543799e-04,0.000000000000000000e+00,-1.814882032667886058e-03,-1.451905626134308760e-03,-1.814882032667886058e-03,1.451905626134308760e-03,-2.903811252268617520e-03,-3.992740471869348981e-03,-1.451905626134308760e-03,-3.629764065335772116e-03,-7.259528130671543799e-04,-2.177858439201463357e-03,-1.814882032667886058e-03,-3.629764065335772116e-03
0.000000000000000000e+00,-7.130124777183332718e-04,0.000000000000000000e+00,0.000000000000000000e+00,0.000000000000000000e+00,0.000000000000000000e+00,3.565062388591888620e-04,0.000000000000000000e+00,0.000000000000000000e+00,0.000000000000000000e+00,-7.130124777183332718e-04,0.000000000000000000e+00,0.000000000000000000e+00,-1.426024955436666544e-03,0.000000000000000000e+00,0.000000000000000000e+00,1.426024955436755448e-03,-3.565062388591666359e-04,0.000000000000000000e+00,0.000000000000000000e+00,0.000000000000000000e+00,0.000000000000000000e+00,0.000000000000000000e+00,0.000000000000000000e+00,0.000000000000000000e+00,0.000000000000000000e+00,0.000000000000000000e+00,-1.782531194295833288e-03,0.000000000000000000e+00,0.000000000000000000e+00,0.000000000000000000e+00,0.000000000000000000e+00,-1.782531194295833288e-03,0.000000000000000000e+00,0.000000000000000000e+00,0.000000000000000000e+00,0.000000000000000000e+00,0.000000000000000000e+00,0.000000000000000000e+00,-1.782531194295833288e-03,0.000000000000000000e+00,0.000000000000000000e+00,0.000000000000000000e+00,0.000000000000000000e+00,0.000000000000000000e+00,0.000000000000000000e+00,-7.130124777183332718e-04,0.000000000000000000e+00,0.000000000000000000e+00,0.000000000000000000e+00,0.000000000000000000e+00,0.000000000000000000e+00,0.000000000000000000e+00,0.000000000000000000e+00,0.000000000000000000e+00,0.000000000000000000e+00,-1.782531194295833288e-03,0.000000000000000000e+00,0.000000000000000000e+00,0.000000000000000000e+00,-1.426024955436666544e-03
-1.805054151624463366e-03,-8.303249097472931162e-03,3.610108303249148776e-04,1.083032490974766750e-03,0.000000000000000000e+00,0.000000000000000000e+00,7.220216606498297551e-04,1.805054151624574388e-03,0.000000000000000000e+00,-3.971119133573952631e-03,1.805054151624574388e-03,0.000000000000000000e+00,-2.166064981949378243e-03,-3.971119133573996866e-03,0.000000000000000000e+00,0.000000000000000000e+00,0.000000000000000000e+00,-1.805054151624463366e-03,-5.415162454873612141e-03,-5.054151624548697264e-03,-1.805054151624463366e-03,-3.610108303248926514e-04,1.444043321299659510e-03,0.000000000000000000e+00,0.000000000000000000e+00,-1.444043321299570606e-03,-1.083032490974678063e-03,-1.805054151624463366e-03,-7.220216606497853028e-04,-3.610108303248926514e-04,-1.444043321299637393e-03,-1.083032490974678063e-03,-3.610108303248926514e-04,1.083032490974744633e-03,-1.805054151624463366e-03,0.000000000000000000e+00,-1.805054151624463366e-03,1.805054151624574388e-03,-1.805054151624463366e-03,3.610108303249148776e-03,0.000000000000000000e+00,3.610108303249148776e-04,0.000000000000000000e+00,0.000000000000000000e+00,-3.610108303249037753e-03,7.220216606498297551e-04,1.805054151624574388e-03,-7.220216606497853028e-04,-1.083032490974722515e-03,-1.805054151624463366e-03,0.000000000000000000e+00,-1.083032490974655728e-03,3.610108303249148776e-04,0.000000000000000000e+00,0.000000000000000000e+00,-3.610108303248926514e-04,0.000000000000000000e+00,-3.610108303248926514e-04,0.000000000000000000e+00,-5.776173285198527019e-03,-8.664259927797846039e-03
-1.814882032667886058e-03,-1.814882032667886058e-03,-3.629764065335661094e-03,0.000000000000000000e+00,0.000000000000000000e+00,-3.629764065335771899e-04,0.000000000000000000e+00,-1.814882032667886058e-03,0.000000000000000000e+00,-1.814882032667886058e-03,-3.629764065335661094e-03,0.000000000000000000e+00,0.000000000000000000e+00,-1.814882032667886058e-03,-3.629764065335771899e-04,0.000000000000000000e+00,-1.814882032667886058e-03,-1.814882032667886058e-03,-1.451905626134308760e-03,-1.814882032667886058e-03,0.000000000000000000e+00,0.000000000000000000e+00,0.000000000000000000e+00,-1.451905626134308760e-03,-1.451905626134264524e-03,-1.814882032667886058e-03,0.000000000000000000e+00,-1.814882032667886058e-03,-7.259528130671543799e-04,0.000000000000000000e+00,0.000000000000000000e+00,0.000000000000000000e+00,-1.814882032667886058e-03,0.000000000000000000e+00,-1.814882032667886058e-03,0.000000000000000000e+00,0.000000000000000000e+00,0.000000000000000000e+00,0.000000000000000000e+00,-1.814882032667886058e-03,0.000000000000000000e+00,0.000000000000000000e+00,-3.629764065335771899e-04,-1.814882032667886058e-03,0.000000000000000000e+00,-1.814882032667886058e-03,0.000000000000000000e+00,0.000000000000000000e+00,-3.629764065335771899e-04,0.000000000000000000e+00,-3.629764065335771899e-04,0.000000000000000000e+00,-2.177858439201441239e-03,-7.259528130671543799e-04,0.000000000000000000e+00,-3.629764065335771899e-04,0.000000000000000000e+00,-1.814882032667886058e-03,0.000000000000000000e+00,0.000000000000000000e+00,-1.814882032667886058e-03
0.000000000000000000e+00,-3.597122302158251017e-03,-1.798561151079125509e-03,1.079136690647475262e-03,0.000000000000000000e+00,1.798561151079125509e-03,1.798561151079125509e-03,1.798561151079125509e-03,0.000000000000000000e+00,-1.438848920863300494e-03,0.000000000000000000e+00,0.000000000000000000e+00,3.597122302158251234e-04,0.000000000000000000e+00,0.000000000000000000e+00,0.000000000000000000e+00,0.000000000000000000e+00,3.597122302158251234e-04,0.000000000000000000e+00,-1.079136690647475262e-03,0.000000000000000000e+00,0.000000000000000000e+00,-1.438848920863300494e-03,0.000000000000000000e+00,0.000000000000000000e+00,1.798561151079125509e-03,0.000000000000000000e+00,3.597122302158362039e-03,0.000000000000000000e+00,0.000000000000000000e+00,0.000000000000000000e+00,0.000000000000000000e+00,1.079136690647497596e-03,0.000000000000000000e+00,3.597122302158251234e-04,0.000000000000000000e+00,1.438848920863300494e-03,-3.597122302158251234e-04,0.000000000000000000e+00,1.798561151079169961e-03,0.000000000000000000e+00,0.000000000000000000e+00,0.000000000000000000e+00,0.000000000000000000e+00,1.798561151079125509e-03,1.079136690647475262e-03,1.798561151079125509e-03,0.000000000000000000e+00,-7.194244604316502468e-04,-1.798561151079125509e-03,0.000000000000000000e+00,1.798561151079125509e-03,0.000000000000000000e+00,0.000000000000000000e+00,-2.517985611510775538e-03,0.000000000000000000e+00,7.194244604316502468e-04,-1.798561151079125509e-03,3.597122302158251234e-04,-3.597122302158251017e-03,-3.597122302158251017e-03
1.075268817204300207e-03,1.433691756272437211e-03,0.000000000000000000e+00,7.168458781362296644e-04,0.000000000000000000e+00,0.000000000000000000e+00,4.301075268817222512e-03,-1.433691756272370641e-03,1.433691756272414877e-03,-3.584229390680926603e-04,1.433691756272437211e-03,0.000000000000000000e+00,3.942652329749130394e-03,3.584229390681015291e-03,3.584229390681148322e-04,3.584229390681148322e-04,0.000000000000000000e+00,-1.075268817204277872e-03,1.792114695340529763e-03,-7.168458781361853206e-04,0.000000000000000000e+00,0.000000000000000000e+00,0.000000000000000000e+00,1.433691756272414877e-03,-3.584229390680482080e-04,1.075268817204322325e-03,3.584229390681148322e-04,-7.168458781361853206e-04,3.584229390681148322e-04,0.000000000000000000e+00,3.584229390681148322e-04,0.000000000000000000e+00,-3.584229390680926603e-04,0.000000000000000000e+00,7.168458781362296644e-04,1.433691756272459329e-03,0.000000000000000000e+00,1.433691756272459329e-03,0.000000000000000000e+00,3.225806451612944856e-03,4.440892098500626408e-17,3.225806451612966974e-03,0.000000000000000000e+00,3.225806451612966974e-03,0.000000000000000000e+00,4.659498207885315497e-03,2.220446049250313204e-17,3.584229390681148322e-04,2.508960573476715084e-03,0.000000000000000000e+00,-7.168458781361853206e-04,2.867383512544829753e-03,0.000000000000000000e+00,-7.168458781361853206e-04,1.075268817204322325e-03,0.000000000000000000e+00,0.000000000000000000e+00,-1.433691756272414877e-03,3.942652329749152078e-03,7.168458781362296644e-04,1.075268817204344442e-03
5.639097744360954852e-03,-6.390977443608969813e-03,0.000000000000000000e+00,1.879699248120370036e-03,3.759398496240739965e-04,-3.383458646616488430e-03,1.879699248120370036e-03,-3.759398496240518028e-03,0.000000000000000000e+00,-1.127819548872155365e-03,-2.255639097744310730e-03,0.000000000000000000e+00,6.661338147750938996e-17,-7.518796992481147079e-03,3.759398496240739965e-04,-3.759398496240518245e-04,-1.879699248120259014e-03,7.518796992481258101e-03,-1.879699248120259014e-03,-3.383458646616510548e-03,1.879699248120370036e-03,2.220446049250313204e-17,-7.518796992481036490e-04,-3.759398496240295984e-04,7.518796992481258101e-03,7.142857142857184267e-03,0.000000000000000000e+00,-2.631578947368340329e-03,-7.518796992481036490e-04,0.000000000000000000e+00,0.000000000000000000e+00,3.759398496240739965e-04,4.887218045112828868e-03,-3.759398496240518245e-04,7.518796992481258101e-03,-2.255639097744310730e-03,0.000000000000000000e+00,-1.127819548872177700e-03,-9.398496240601517115e-03,1.879699248120325584e-03,3.759398496240739965e-04,-1.503759398496207298e-03,7.518796992481257668e-04,-1.879699248120259014e-03,-3.759398496240518028e-03,0.000000000000000000e+00,-4.135338345864591862e-03,3.759398496240739965e-04,0.000000000000000000e+00,-1.503759398496184964e-03,-2.255639097744310730e-03,1.879699248120370036e-03,3.383458646616555217e-03,-1.503759398496207298e-03,-3.007518796992414596e-03,7.518796992481479929e-04,-5.263157894736791680e-03,-3.759398496240295984e-04,0.000000000000000000e+00,-1.503759398496184964e-03,-6.766917293233021095e-03
1.733102253032914319e-03,-5.199306759098742958e-03,0.000000000000000000e+00,0.000000000000000000e+00,0.000000000000000000e+00,0.000000000000000000e+00,0.000000000000000000e+00,-3.466204506065828639e-03,0.000000000000000000e+00,0.000000000000000000e+00,1.039861351819748678e-03,0.000000000000000000e+00,3.812824956672455912e-03,-1.733102253032914319e-03,0.000000000000000000e+00,0.000000000000000000e+00,0.000000000000000000e+00,1.733102253032914319e-03,1.733102253032914319e-03,0.000000000000000000e+00,0.000000000000000000e+00,0.000000000000000000e+00,0.000000000000000000e+00,-1.386481802426331499e-03,3.119584055459245601e-03,1.733102253032914319e-03,0.000000000000000000e+00,3.466204506065828639e-03,0.000000000000000000e+00,0.000000000000000000e+00,0.000000000000000000e+00,0.000000000000000000e+00,3.812824956672455912e-03,0.000000000000000000e+00,1.733102253032914319e-03,-1.733102253032914319e-03,0.000000000000000000e+00,1.386481802426331499e-03,0.000000000000000000e+00,0.000000000000000000e+00,3.812824956672433794e-03,0.000000000000000000e+00,0.000000000000000000e+00,0.000000000000000000e+00,0.000000000000000000e+00,3.466204506065850757e-03,-1.733102253032914319e-03,0.000000000000000000e+00,0.000000000000000000e+00,0.000000000000000000e+00,0.000000000000000000e+00,-3.466204506065828747e-04,-1.039861351819748678e-03,0.000000000000000000e+00,-1.386481802426331499e-03,0.000000000000000000e+00,-1.039861351819748678e-03,3.466204506065828639e-03,-1.039861351819748678e-03,-1.386481802426331499e-03,-5.199306759098742958e-03
0.000000000000000000e+00,-4.701627486437609700e-03,-3.978300180831806712e-03,-2.893309222423146032e-03,-2.169981916817343044e-03,-2.169981916817343044e-03,4.701627486437631384e-03,-3.616636528028904785e-03,-4.701627486437609700e-03,-1.446654611211561957e-03,-1.808318264014485786e-03,-2.169981916817343044e-03,-5.424954792043412688e-03,-3.616636528028904785e-03,-3.254972875226025408e-03,-7.233273056057809786e-04,-1.084990958408704699e-03,7.233273056058032047e-04,3.616636528029016024e-04,2.220446049250313204e-17,-1.446654611211561957e-03,0.000000000000000000e+00,-3.616636528028904785e-03,0.000000000000000000e+00,0.000000000000000000e+00,0.000000000000000000e+00,-7.233273056057809786e-04,-2.169981916817387280e-03,-7.233273056057809786e-04,-2.893309222423123914e-03,-1.446654611211561957e-03,0.000000000000000000e+00,2.531645569620266656e-03,-1.446654611211561957e-03,1.446654611211584075e-03,-7.233273056058032047e-04,-2.531645569620244538e-03,1.084990958408704699e-03,0.000000000000000000e+00,-2.531645569620222420e-03,-7.233273056057809786e-04,-7.233273056058032047e-04,-1.446654611211561957e-03,-1.446654611211584075e-03,-3.254972875226025408e-03,0.000000000000000000e+00,-3.616636528028904785e-03,-2.169981916817343044e-03,-3.616636528029016024e-04,-3.978300180831850948e-03,-2.893309222423123914e-03,-1.446654611211561957e-03,1.446654611211606409e-03,-3.254972875226025408e-03,7.233273056058032047e-04,-1.446654611211561957e-03,-4.339963833634707772e-03,-1.446654611211561957e-03,-1.446654611211561957e-03,-2.169981916817365162e-03,-5.063291139240510760e-03
0.000000000000000000e+00,-3.577817531305926618e-04,-1.073345259391778094e-03,1.788908765652963417e-03,0.000000000000000000e+00,0.000000000000000000e+00,0.000000000000000000e+00,-1.431127012522370647e-03,-3.577817531305926618e-04,0.000000000000000000e+00,0.000000000000000000e+00,0.000000000000000000e+00,0.000000000000000000e+00,0.000000000000000000e+00,0.000000000000000000e+00,0.000000000000000000e+00,0.000000000000000000e+00,7.155635062611853236e-04,0.000000000000000000e+00,0.000000000000000000e+00,7.155635062611853236e-04,0.000000000000000000e+00,0.000000000000000000e+00,0.000000000000000000e+00,0.000000000000000000e+00,1.073345259391778094e-03,0.000000000000000000e+00,0.000000000000000000e+00,0.000000000000000000e+00,-1.788908765652963417e-03,0.000000000000000000e+00,0.000000000000000000e+00,0.000000000000000000e+00,0.000000000000000000e+00,0.000000000000000000e+00,-2.146690518783556188e-03,0.000000000000000000e+00,-7.155635062611853236e-04,0.000000000000000000e+00,0.000000000000000000e+00,-1.788908765652963417e-03,0.000000000000000000e+00,3.577817531305926618e-04,0.000000000000000000e+00,0.000000000000000000e+00,0.000000000000000000e+00,-7.155635062611853236e-04,0.000000000000000000e+00,-1.788908765652963417e-03,0.000000000000000000e+00,0.000000000000000000e+00,1.788908765652963417e-03,1.073345259391778094e-03,0.000000000000000000e+00,0.000000000000000000e+00,0.000000000000000000e+00,0.000000000000000000e+00,-1.073345259391778094e-03,0.000000000000000000e+00,0.000000000000000000e+00,-1.788908765652963417e-03
5.936920222634434370e-03,-9.276437847866469966e-03,1.855287569573205175e-03,7.421150278293042746e-03,1.484230055658608593e-03,1.855287569573205175e-03,5.936920222634478606e-03,-6.661338147750938996e-17,1.855287569573205175e-03,3.339517625231858220e-03,-3.710575139147298312e-04,7.421150278292820701e-04,-1.855287569573316198e-03,3.710575139146521373e-03,-3.710575139146632612e-04,3.710575139146410351e-04,2.226345083487935115e-03,2.226345083487935115e-03,-3.710575139147076593e-04,0.000000000000000000e+00,3.339517625231858220e-03,7.421150278292820701e-04,3.710575139146410351e-04,1.484230055658586258e-03,4.452690166975870230e-03,5.565862708719837570e-03,-3.710575139146632612e-04,0.000000000000000000e+00,0.000000000000000000e+00,2.226345083487935115e-03,-3.710575139146632612e-04,0.000000000000000000e+00,2.226345083487912997e-03,-3.710575139147076593e-04,5.194805194805173984e-03,3.710575139146521373e-03,7.421150278293042746e-03,1.484230055658586258e-03,-1.855287569573316198e-03,3.710575139146521373e-03,5.194805194805173984e-03,1.484230055658608593e-03,3.710575139146410351e-04,3.710575139146410351e-04,1.855287569573271745e-03,1.855287569573205175e-03,0.000000000000000000e+00,0.000000000000000000e+00,3.710575139146410351e-04,3.339517625231858220e-03,0.000000000000000000e+00,5.194805194805108065e-03,-1.855287569573316198e-03,-3.710575139146632612e-04,5.565862708719837570e-03,0.000000000000000000e+00,0.000000000000000000e+00,5.565862708719837570e-03,0.000000000000000000e+00,2.597402597402531481e-03,-9.276437847866469966e-03
-1.532567049808441963e-03,-3.065134099616883927e-03,1.149425287356265011e-03,-7.662835249042209817e-04,0.000000000000000000e+00,1.915708812260441540e-03,-1.149425287356331581e-03,-7.662835249042654340e-04,-2.220446049250313204e-17,-7.662835249042210251e-03,0.000000000000000000e+00,-3.831417624521104908e-04,-1.915708812260552563e-03,-3.831417624521105125e-03,-1.149425287356331581e-03,-3.831417624521104908e-04,1.149425287356265011e-03,0.000000000000000000e+00,-7.662835249042209817e-04,-7.662835249042209817e-04,0.000000000000000000e+00,-7.662835249042209817e-04,0.000000000000000000e+00,0.000000000000000000e+00,0.000000000000000000e+00,-7.662835249042209817e-04,-7.662835249042209817e-04,-7.662835249042209817e-04,0.000000000000000000e+00,3.831417624520660928e-04,-1.915708812260552563e-03,-3.831417624521104908e-04,-3.831417624521104908e-04,0.000000000000000000e+00,-3.831417624521104908e-04,0.000000000000000000e+00,-7.662835249042210251e-03,0.000000000000000000e+00,-1.532567049808441963e-03,-3.831417624521105125e-03,7.662835249041544117e-04,0.000000000000000000e+00,-3.831417624521104908e-04,-7.662835249042209817e-04,0.000000000000000000e+00,0.000000000000000000e+00,7.662835249041544117e-04,-7.662835249042209817e-04,3.831417624520439208e-04,1.149425287356265011e-03,-1.149425287356331581e-03,-1.532567049808441963e-03,-4.597701149425326324e-03,-7.662835249042209817e-04,1.915708812260441540e-03,-3.831417624521104908e-04,-1.532567049808441963e-03,1.149425287356287129e-03,0.000000000000000000e+00,0.000000000000000000e+00,-3.448275862068994526e-03
0.000000000000000000e+00,-2.226345083487979350e-03,0.000000000000000000e+00,1.855287569573205175e-03,0.000000000000000000e+00,0.000000000000000000e+00,-1.855287569573316198e-03,3.710575139146410351e-04,0.000000000000000000e+00,-1.855287569573316198e-03,1.484230055658564140e-03,0.000000000000000000e+00,-1.855287569573316198e-03,0.000000000000000000e+00,0.000000000000000000e+00,0.000000000000000000e+00,0.000000000000000000e+00,-1.855287569573316198e-03,-1.855287569573316198e-03,0.000000000000000000e+00,0.000000000000000000e+00,0.000000000000000000e+00,-2.226345083487979350e-03,3.710575139146410351e-04,0.000000000000000000e+00,-3.710575139146632612e-04,0.000000000000000000e+00,0.000000000000000000e+00,0.000000000000000000e+00,0.000000000000000000e+00,0.000000000000000000e+00,0.000000000000000000e+00,0.000000000000000000e+00,-3.710575139146632395e-03,-3.710575139146632612e-04,0.000000000000000000e+00,0.000000000000000000e+00,0.000000000000000000e+00,1.855287569573205175e-03,0.000000000000000000e+00,0.000000000000000000e+00,0.000000000000000000e+00,-1.855287569573316198e-03,0.000000000000000000e+00,-1.855287569573316198e-03,0.000000000000000000e+00,0.000000000000000000e+00,0.000000000000000000e+00,0.000000000000000000e+00,0.000000000000000000e+00,0.000000000000000000e+00,0.000000000000000000e+00,-1.855287569573316198e-03,0.000000000000000000e+00,0.000000000000000000e+00,0.000000000000000000e+00,0.000000000000000000e+00,0.000000000000000000e+00,3.710575139146410351e-04,0.000000000000000000e+00,-2.968460111317283538e-03
7.117437722419905476e-04,4.440892098500626408e-17,3.558718861210063869e-04,8.540925266903930807e-03,4.626334519572994179e-03,1.423487544484025548e-03,2.846975088967984742e-03,5.338078291814940708e-03,0.000000000000000000e+00,1.067615658362996989e-03,8.896797153024937899e-03,6.049822064056953157e-03,2.846975088967984742e-03,7.117437722420127738e-04,3.202846975088968848e-03,3.558718861210063869e-04,1.779359430604987536e-03,9.608540925266972899e-03,2.491103202847000202e-03,0.000000000000000000e+00,8.896797153024937899e-03,7.117437722419905476e-04,5.338078291814962392e-03,1.779359430605031989e-03,3.558718861209952955e-03,2.846975088968006860e-03,3.558718861209975073e-03,7.117437722419905476e-04,3.202846975088968848e-03,3.558718861210063869e-04,2.135231316725993977e-03,5.338078291814940708e-03,0.000000000000000000e+00,7.117437722419950145e-03,1.067615658362996989e-02,2.135231316725993977e-03,2.135231316725993977e-03,4.626334519572972495e-03,3.558718861209952955e-03,0.000000000000000000e+00,0.000000000000000000e+00,5.338078291815007495e-03,1.067615658363019106e-03,2.846975088968006860e-03,0.000000000000000000e+00,1.067615658362992478e-02,1.779359430605031989e-03,3.202846975088968848e-03,0.000000000000000000e+00,8.896797153024937899e-03,1.067615658363019106e-03,8.540925266903930807e-03,3.202846975088968848e-03,2.846975088968006860e-03,1.779359430605031989e-03,2.491103202847000202e-03,2.135231316725971860e-03,0.000000000000000000e+00,6.761565836298966473e-03,5.338078291814984944e-03,-7.117437722419684299e-04
-3.636363636363437735e-04,-3.272727272727182866e-03,0.000000000000000000e+00,1.454545454545463998e-03,-3.636363636363437735e-04,-2.545454545454450650e-03,0.000000000000000000e+00,-3.636363636363437735e-04,0.000000000000000000e+00,-1.818181818181718867e-03,1.818181818181829890e-03,-1.090909090909031320e-03,-1.818181818181718867e-03,-1.090909090909053438e-03,-3.636363636363437735e-04,-7.272727272726875469e-04,0.000000000000000000e+00,0.000000000000000000e+00,-1.818181818181718867e-03,-1.818181818181718867e-03,0.000000000000000000e+00,-1.454545454545375094e-03,-1.818181818181718867e-03,-1.818181818181718867e-03,-1.454545454545375094e-03,-3.636363636363437735e-04,-7.272727272726875469e-04,-3.636363636363437735e-04,-1.454545454545375094e-03,0.000000000000000000e+00,-1.454545454545375094e-03,0.000000000000000000e+00,-7.272727272726875469e-04,-2.181818181818084759e-03,-3.636363636363437735e-04,0.000000000000000000e+00,-1.818181818181718867e-03,-1.818181818181718867e-03,0.000000000000000000e+00,2.220446049250313204e-17,-7.272727272726875469e-04,-1.818181818181718867e-03,-1.090909090909053438e-03,-1.818181818181718867e-03,2.220446049250313204e-17,1.818181818181829890e-03,-1.818181818181718867e-03,0.000000000000000000e+00,-1.090909090909009203e-03,-3.636363636363437735e-04,-1.818181818181718867e-03,-1.090909090909031320e-03,7.272727272727541169e-04,-7.272727272726875469e-04,-1.818181818181718867e-03,-7.272727272726875469e-04,-7.272727272726875469e-04,7.272727272727319992e-04,-1.818181818181718867e-03,-1.454545454545375094e-03,-2.545454545454450650e-03
