nan,nan,-1.814671814671810907e-02,nan,nan,nan,nan,nan,nan,nan,nan,nan,nan,nan,2.779922779922781167e-02,nan,nan,nan,nan,nan,nan,nan,nan,3.088803088803082717e-03,nan,nan,nan,-4.362934362934365456e-02,-7.722007722007706576e-03,nan,nan,-2.857142857142856013e-02,nan,nan,nan,nan,nan,-1.158301158301156073e-03,nan,nan,nan,nan,nan,-7.722007722007706793e-04,nan,nan,nan,nan,-2.702702702702697215e-03,nan,nan,nan,nan,nan,nan,nan,nan,3.861003861003853396e-04,nan,nan,nan,nan,nan,nan,nan
nan,nan,1.089494163424125153e-02,nan,nan,nan,nan,nan,nan,nan,nan,nan,nan,nan,6.225680933852142246e-02,nan,nan,nan,nan,nan,nan,nan,nan,-1.478599221789880271e-02,nan,nan,nan,-5.447470817120603215e-03,1.945525291828795883e-02,nan,nan,3.346303501945528669e-02,nan,4.007782101167314120e-02,nan,nan,nan,1.245136186770432439e-02,nan,nan,nan,nan,nan,nan,nan,nan,nan,nan,8.949416342412508038e-03,nan,nan,nan,nan,nan,nan,nan,nan,2.334630350194544235e-03,nan,nan,nan,nan,nan,nan,nan
nan,nan,-6.412825651302611271e-03,nan,nan,nan,nan,nan,nan,nan,nan,nan,nan,nan,1.022044088176352616e-01,nan,nan,nan,nan,nan,nan,nan,nan,-1.042084168336674353e-02,nan,nan,nan,-1.122244488977957103e-02,-8.817635270541090281e-03,8.016032064128264089e-04,nan,-1.202404809619239678e-02,nan,nan,nan,nan,nan,3.607214428857718948e-03,nan,nan,nan,nan,nan,nan,nan,nan,nan,nan,9.218436873747504895e-03,nan,nan,nan,nan,nan,nan,nan,nan,-8.817635270541090281e-03,nan,nan,nan,nan,nan,nan,nan
nan,nan,-3.861003861003853396e-04,nan,nan,nan,nan,nan,nan,nan,nan,nan,nan,nan,9.575289575289573640e-02,nan,nan,nan,nan,nan,nan,nan,nan,-8.880308880308907318e-03,nan,nan,nan,-2.220446049250313204e-17,nan,-1.930501930501948762e-03,nan,9.266409266409248585e-03,nan,nan,nan,nan,nan,-1.814671814671822009e-02,nan,nan,nan,nan,nan,nan,-7.722007722007706793e-04,nan,nan,nan,-1.544401544401563476e-03,nan,nan,nan,nan,nan,nan,nan,nan,1.544401544401541359e-03,nan,nan,nan,nan,nan,nan,nan
nan,nan,1.434108527131785528e-02,nan,nan,nan,nan,nan,nan,nan,nan,nan,nan,nan,3.488372093023261837e-03,nan,nan,nan,nan,nan,nan,nan,nan,-1.666666666666667337e-02,nan,nan,nan,-2.093023255813954847e-02,-2.325581395348841340e-02,nan,nan,-4.651162790697683028e-03,nan,nan,nan,nan,nan,7.364341085271330738e-03,nan,nan,nan,nan,nan,1.124031007751940051e-02,nan,nan,nan,nan,5.038759689922489224e-03,nan,nan,nan,nan,nan,nan,nan,nan,1.162790697674420757e-03,nan,nan,nan,nan,nan,nan,nan
nan,nan,1.007751937984497845e-02,nan,nan,nan,nan,nan,nan,nan,nan,nan,nan,nan,1.860465116279073211e-02,nan,nan,nan,nan,nan,nan,nan,nan,-5.232558139534881914e-02,nan,nan,nan,2.015503875968995690e-02,-2.325581395348841340e-02,nan,nan,-1.937984496124034450e-03,nan,-4.651162790697683028e-03,nan,nan,nan,3.875968992248068901e-03,nan,nan,nan,nan,nan,nan,nan,nan,nan,nan,-3.875968992248068901e-03,nan,nan,nan,nan,nan,nan,nan,nan,1.550387596899227604e-03,nan,nan,nan,nan,nan,nan,nan
nan,nan,1.322957198443579577e-02,nan,nan,nan,nan,nan,nan,nan,nan,nan,nan,nan,1.256809338521400754e-01,nan,nan,nan,nan,nan,nan,nan,nan,-1.867704280155641980e-02,nan,nan,nan,-2.101167315175096403e-02,-5.058365758754845842e-03,nan,nan,-2.879377431906613577e-02,nan,-1.945525291828793454e-02,nan,nan,nan,6.614785992217875332e-03,nan,nan,nan,nan,nan,nan,nan,nan,nan,nan,-2.840466926070037840e-02,nan,nan,nan,nan,nan,nan,nan,nan,-2.723735408560301607e-03,nan,nan,nan,nan,nan,nan,nan
nan,-3.509433962264150303e-02,-2.339622641509433304e-02,nan,nan,nan,nan,nan,nan,nan,nan,nan,nan,nan,4.339622641509432999e-02,nan,nan,nan,nan,nan,nan,nan,nan,-7.924528301886789999e-03,nan,nan,nan,-4.830188679245282085e-02,-4.528301886792452172e-03,nan,nan,9.056603773584904343e-03,nan,nan,nan,nan,nan,4.528301886792452172e-03,nan,nan,nan,nan,nan,nan,nan,nan,nan,nan,-1.018867924528301695e-02,nan,nan,nan,nan,nan,nan,nan,nan,1.132075471698112956e-02,nan,nan,nan,nan,nan,nan,nan
nan,nan,-4.933586337760887189e-03,nan,nan,nan,nan,nan,nan,nan,nan,nan,nan,nan,9.108159392789416664e-03,nan,nan,nan,nan,nan,nan,nan,nan,-1.518026565464891718e-03,nan,nan,nan,-9.487666034155583378e-03,-9.867172675521795194e-03,nan,nan,-1.935483870967737857e-02,nan,4.933586337760931424e-03,nan,nan,nan,-4.554079696394652821e-03,nan,nan,nan,nan,nan,nan,nan,nan,nan,nan,4.933586337760953108e-03,nan,nan,nan,nan,nan,nan,nan,nan,-1.404174573055028130e-02,nan,nan,nan,nan,nan,nan,nan
nan,nan,1.162790697674420757e-03,nan,nan,nan,nan,nan,nan,nan,nan,nan,nan,nan,1.093023255813953265e-01,nan,nan,nan,nan,nan,nan,nan,nan,-8.914728682170558124e-03,nan,nan,nan,1.705426356589145875e-02,-5.426356589147296287e-03,1.085271317829459257e-02,nan,1.162790697674420757e-03,nan,nan,nan,nan,nan,-2.325581395348841514e-03,nan,nan,nan,nan,nan,nan,nan,nan,nan,nan,-1.744186046511631005e-02,nan,nan,nan,nan,nan,nan,nan,nan,-7.751937984496138018e-04,nan,nan,nan,nan,nan,nan,nan
nan,nan,4.642166344293996612e-03,nan,nan,nan,nan,nan,nan,nan,nan,nan,nan,nan,5.570599613152806689e-02,nan,nan,nan,nan,nan,nan,nan,nan,3.481624758220514156e-03,nan,nan,nan,-2.359767891682784668e-02,-1.934235976789167033e-02,-9.284332688588036592e-03,nan,1.934235976789169115e-02,nan,nan,nan,nan,nan,-2.437137330754353057e-02,nan,nan,nan,nan,nan,nan,nan,nan,nan,nan,4.255319148936176354e-03,nan,nan,nan,nan,nan,nan,nan,nan,2.321083172146987030e-03,nan,nan,nan,nan,nan,nan,nan
nan,nan,-1.977611940298507065e-02,nan,nan,nan,nan,nan,nan,nan,nan,nan,nan,nan,2.947761194029854120e-02,nan,nan,nan,nan,nan,nan,nan,nan,-5.223880597014884768e-03,nan,nan,nan,-8.955223880597018918e-03,7.462686567164533713e-04,nan,nan,1.865671641791055799e-03,nan,nan,nan,nan,nan,-9.328358208955212644e-03,nan,nan,nan,nan,nan,8.582089552238825192e-03,nan,nan,nan,nan,7.462686567164200646e-03,nan,nan,nan,nan,nan,nan,nan,nan,-1.865671641791033465e-03,nan,nan,nan,nan,nan,nan,nan
nan,nan,5.639097744360954852e-03,nan,nan,nan,nan,nan,nan,nan,nan,nan,nan,nan,1.060150375939850342e-01,nan,nan,nan,nan,nan,nan,nan,nan,7.293233082706770953e-02,nan,nan,nan,8.646616541353435367e-03,-3.759398496240073722e-04,nan,nan,4.511278195488776718e-03,nan,4.135338345864702884e-03,nan,nan,nan,-7.518796992480814229e-04,nan,nan,nan,nan,nan,nan,nan,nan,nan,nan,1.127819548872221935e-03,nan,nan,nan,nan,nan,nan,nan,nan,-1.127819548872133247e-03,nan,nan,nan,nan,nan,nan,nan
nan,4.914933837429136254e-03,-1.890359168241939570e-03,nan,nan,nan,nan,nan,nan,nan,nan,nan,nan,nan,3.137996219281666971e-02,nan,nan,nan,nan,nan,nan,nan,nan,1.436672967863896790e-02,nan,nan,nan,-3.402646502835482509e-03,-3.780718336483879140e-03,nan,nan,-7.561436672967802516e-03,nan,nan,nan,nan,nan,-2.268431001890314300e-03,nan,nan,nan,nan,nan,nan,nan,nan,nan,nan,1.512287334593609509e-03,nan,nan,nan,nan,nan,nan,nan,nan,3.024574669187174349e-03,nan,nan,nan,nan,nan,nan,nan
nan,nan,1.865079365079365045e-02,nan,nan,nan,nan,nan,nan,nan,nan,nan,nan,nan,1.019841269841269826e-01,nan,nan,nan,nan,nan,nan,nan,nan,8.730158730158699143e-03,nan,nan,nan,1.984126984126999196e-03,1.547619047619044376e-02,-1.230158730158730299e-02,nan,5.952380952380931234e-03,nan,nan,nan,nan,nan,-8.333333333333303727e-03,nan,nan,nan,nan,nan,nan,nan,nan,nan,nan,1.150793650793646705e-02,nan,nan,nan,nan,nan,nan,nan,nan,-6.349206349206326649e-03,nan,nan,nan,nan,nan,nan,nan
nan,nan,3.137254901960839695e-03,nan,nan,nan,nan,nan,nan,nan,nan,nan,nan,nan,2.431372549019614887e-02,nan,nan,nan,nan,nan,nan,nan,nan,-1.215686274509799637e-02,nan,nan,nan,1.254901960784320439e-02,-2.117647058823526190e-02,nan,nan,2.274509803921574008e-02,nan,1.254901960784320439e-02,nan,nan,nan,-2.196078431372543507e-02,nan,nan,nan,nan,nan,nan,nan,nan,nan,nan,-1.137254901960780239e-02,nan,nan,nan,nan,nan,nan,nan,nan,1.176470588235378799e-03,nan,nan,nan,nan,nan,nan,nan
nan,nan,-7.648183556405396821e-03,nan,nan,nan,nan,nan,nan,nan,nan,nan,nan,nan,8.986615678776285754e-02,nan,nan,nan,nan,nan,nan,nan,nan,-1.759082217973235648e-02,nan,nan,nan,-2.065009560229451660e-02,-2.523900573613770820e-02,-7.265774378585110327e-03,nan,4.588910133843171653e-03,nan,nan,nan,nan,nan,-2.829827915869984750e-02,nan,nan,nan,nan,nan,nan,nan,nan,nan,nan,1.835564053537279763e-02,nan,nan,nan,nan,nan,nan,nan,nan,1.147227533460792913e-03,nan,nan,nan,nan,nan,nan,nan
nan,nan,1.532567049808397728e-03,nan,nan,nan,nan,nan,nan,nan,nan,nan,nan,nan,-6.513409961685834651e-03,nan,nan,nan,nan,nan,nan,nan,nan,2.068965517241376853e-02,nan,nan,nan,-1.302681992337169012e-02,7.662835249041988640e-04,nan,nan,-2.298850574712645381e-02,nan,1.455938697318004404e-02,nan,nan,nan,2.298850574712618493e-03,nan,nan,nan,nan,nan,nan,nan,nan,nan,nan,7.662835249041988640e-04,nan,nan,nan,nan,nan,nan,nan,nan,3.831417624521104908e-04,nan,nan,nan,nan,nan,nan,nan
nan,nan,2.125984251968509112e-02,nan,nan,nan,nan,nan,nan,nan,nan,nan,nan,nan,1.334645669291338876e-01,nan,nan,nan,nan,nan,nan,nan,nan,-7.480314960629908146e-03,nan,nan,nan,3.937007874015740930e-04,-1.574803149606296372e-03,-7.480314960629908146e-03,nan,2.637795275590555308e-02,nan,nan,nan,nan,nan,-9.055118110236204734e-03,nan,nan,nan,nan,nan,nan,nan,nan,nan,nan,5.511811023622037627e-03,nan,nan,nan,nan,nan,nan,nan,nan,-3.937007874015740930e-04,nan,nan,nan,nan,nan,nan,nan
nan,nan,-1.348747591522156918e-02,nan,nan,nan,nan,nan,nan,nan,nan,nan,nan,nan,9.633911368015413146e-02,nan,nan,nan,nan,nan,nan,nan,nan,-1.734104046242772659e-02,nan,nan,nan,-1.156069364161838075e-03,-4.624277456647373982e-03,nan,nan,6.936416184971072249e-03,nan,-4.238921001926776108e-03,nan,nan,nan,-6.165703275529832265e-03,nan,nan,nan,nan,nan,nan,nan,nan,nan,nan,7.707129094412402005e-04,nan,nan,nan,nan,nan,nan,nan,nan,-8.477842003853552216e-03,nan,nan,nan,nan,nan,nan,nan
nan,0.000000000000000000e+00,-2.384615384615387107e-02,nan,nan,nan,nan,nan,nan,nan,nan,nan,nan,nan,5.115384615384612615e-02,nan,nan,nan,nan,nan,nan,nan,nan,-2.346153846153846770e-02,nan,nan,nan,-3.000000000000002665e-02,-1.461538461538465158e-02,nan,nan,-2.730769230769232100e-02,nan,nan,nan,nan,nan,-1.500000000000003587e-02,nan,nan,nan,nan,nan,nan,nan,nan,nan,nan,-2.692307692307682656e-03,nan,nan,nan,nan,nan,nan,nan,nan,-5.384615384615365312e-03,nan,nan,nan,nan,nan,nan,nan
nan,5.544554455445549479e-03,2.376237623762378348e-03,nan,nan,nan,nan,nan,nan,nan,nan,nan,nan,nan,8.792079207920788786e-02,nan,nan,nan,nan,nan,nan,nan,nan,4.554455445544549480e-02,nan,nan,nan,-2.772277227722774740e-03,1.386138613861387370e-02,nan,nan,9.900990099009909784e-03,nan,nan,nan,nan,nan,0.000000000000000000e+00,nan,nan,nan,nan,nan,nan,nan,nan,nan,nan,-1.188118811881189174e-03,nan,nan,nan,nan,nan,nan,nan,nan,5.940594059405945870e-03,nan,nan,nan,nan,nan,nan,nan
nan,nan,1.647058823529417085e-02,nan,nan,nan,nan,nan,nan,nan,nan,nan,nan,nan,3.921568627451010695e-03,nan,nan,nan,nan,nan,nan,nan,nan,2.745098039215698900e-03,nan,nan,nan,4.705882352941182130e-03,-4.313725490196063453e-03,nan,nan,4.705882352941203814e-03,nan,nan,nan,nan,nan,2.352941176470601907e-03,nan,nan,nan,nan,nan,3.137254901960795459e-03,nan,nan,nan,nan,1.960784313725505348e-03,nan,nan,nan,nan,nan,nan,nan,nan,3.921568627450966460e-03,nan,nan,nan,nan,nan,nan,nan
nan,nan,9.056603773584904343e-03,nan,nan,nan,nan,nan,nan,nan,nan,nan,nan,nan,1.169811320754716652e-02,nan,nan,nan,nan,nan,nan,nan,nan,6.415094339622617881e-03,nan,nan,nan,1.509433962264150652e-03,1.056603773584905391e-02,nan,nan,1.584905660377358000e-02,nan,-1.320754716981131782e-02,nan,nan,nan,3.773584905660376521e-03,nan,nan,nan,nan,nan,nan,nan,nan,nan,nan,5.283018867924526955e-03,nan,nan,nan,nan,nan,nan,nan,nan,1.509433962264150652e-03,nan,nan,nan,nan,nan,nan,nan
nan,nan,1.192307692307699105e-02,nan,nan,nan,nan,nan,nan,nan,nan,nan,nan,nan,7.692307692307753450e-03,nan,nan,nan,nan,nan,nan,nan,nan,-3.076923076923043961e-03,nan,nan,nan,2.500000000000004302e-02,1.423076923076926903e-02,2.692307692307727325e-03,nan,4.000000000000005634e-02,nan,nan,nan,nan,nan,-4.999999999999981889e-03,nan,nan,nan,nan,nan,nan,nan,nan,nan,nan,-9.615384615384581224e-03,nan,nan,nan,nan,nan,nan,nan,nan,3.000000000000002665e-02,nan,nan,nan,nan,nan,nan,nan
nan,2.285714285714268539e-03,2.552380952380950419e-02,nan,nan,nan,nan,nan,nan,nan,nan,nan,nan,nan,5.104761904761905000e-02,nan,nan,nan,nan,nan,nan,nan,nan,6.857142857142850718e-03,nan,nan,nan,-1.561904761904764349e-02,-3.809523809523796076e-03,nan,nan,1.066666666666666805e-02,nan,nan,nan,nan,nan,1.866666666666665433e-02,nan,nan,nan,nan,nan,nan,nan,nan,nan,nan,1.904761904761875704e-03,nan,nan,nan,nan,nan,nan,nan,nan,6.857142857142850718e-03,nan,nan,nan,nan,nan,nan,nan
nan,nan,2.580645161290324660e-02,nan,nan,nan,nan,nan,nan,nan,nan,nan,nan,nan,1.693548387096775049e-02,nan,nan,nan,nan,nan,nan,nan,nan,1.774193548387099570e-02,nan,nan,nan,1.814516129032264086e-02,2.137096774193552109e-02,6.451612903225822926e-03,nan,3.104838709677426589e-02,nan,nan,nan,nan,nan,2.379032258064519428e-02,nan,nan,nan,nan,nan,nan,nan,nan,nan,nan,7.661290322580671663e-03,nan,nan,nan,nan,nan,nan,nan,nan,1.370967741935487025e-02,nan,nan,nan,nan,nan,nan,nan
nan,nan,-1.530054644808747158e-02,nan,nan,nan,nan,nan,nan,nan,nan,nan,nan,nan,2.950819672131142074e-02,nan,nan,nan,nan,nan,nan,nan,nan,-3.424408014571953679e-02,nan,nan,nan,-5.282331511839712807e-02,-5.683060109289621298e-02,-2.076502732240441754e-02,nan,-4.845173041894359350e-02,nan,nan,nan,nan,nan,-8.743169398907180145e-03,nan,nan,nan,nan,nan,nan,nan,nan,nan,nan,-5.828779599271438974e-03,nan,nan,nan,nan,nan,nan,nan,nan,-7.650273224043746198e-03,nan,nan,nan,nan,nan,nan,nan
nan,nan,1.750972762645914768e-02,nan,nan,nan,nan,nan,nan,nan,nan,nan,nan,nan,7.159533073929960634e-02,nan,nan,nan,nan,nan,nan,nan,nan,9.922178988326849081e-02,nan,nan,nan,2.334630350194544235e-03,-5.447470817120603215e-03,nan,nan,3.540856031128403192e-02,nan,3.579766536964981011e-02,nan,nan,nan,4.669260700389111021e-03,nan,nan,nan,nan,nan,nan,nan,nan,nan,nan,3.112840466926081098e-03,nan,nan,nan,nan,nan,nan,nan,nan,2.957198443579767133e-02,nan,nan,nan,nan,nan,nan,nan
nan,nan,-2.092555331991950013e-02,nan,nan,nan,nan,nan,nan,nan,nan,nan,nan,nan,8.651911468812878425e-02,nan,nan,nan,nan,nan,nan,nan,nan,6.841046277665999154e-02,nan,nan,nan,8.048289738430858698e-04,2.092555331991954176e-02,8.048289738431079875e-04,nan,1.529175050301814255e-02,nan,nan,nan,nan,nan,-9.657947686116653135e-03,nan,nan,nan,nan,nan,nan,nan,nan,nan,nan,-2.816901408450678355e-03,nan,nan,nan,nan,nan,nan,nan,nan,-5.231388329979891512e-03,nan,nan,nan,nan,nan,nan,nan
nan,nan,-1.078998073217725048e-02,nan,nan,nan,nan,nan,nan,nan,nan,nan,nan,nan,-4.238921001926776108e-03,nan,nan,nan,nan,nan,nan,nan,nan,1.541425818882466957e-02,nan,nan,nan,-1.156069364161838075e-03,-1.194605009633908921e-02,-3.853564547205756479e-04,nan,-2.697495183044318259e-03,nan,nan,nan,nan,nan,6.551059730250496926e-03,nan,nan,nan,nan,nan,nan,nan,nan,nan,nan,5.780346820809256943e-03,nan,nan,nan,nan,nan,nan,nan,nan,1.926782273603100393e-03,nan,nan,nan,nan,nan,nan,nan
nan,nan,-2.268431001890314300e-03,nan,nan,nan,nan,nan,nan,nan,nan,nan,nan,nan,1.137996219281663668e-01,nan,nan,nan,nan,nan,nan,nan,nan,-6.049149338374237676e-03,nan,nan,nan,1.890359168241970839e-02,-1.436672967863892279e-02,8.241965973534975953e-02,nan,-4.158790170132276205e-03,nan,nan,nan,nan,nan,-1.134215500945177056e-02,nan,nan,nan,nan,nan,nan,nan,nan,nan,nan,2.268431001890380654e-03,nan,nan,nan,nan,nan,nan,nan,nan,-3.780718336483746217e-04,nan,nan,nan,nan,nan,nan,nan
nan,nan,-2.934362934362935021e-02,nan,nan,nan,nan,nan,nan,nan,nan,nan,nan,nan,7.451737451737452944e-02,nan,nan,nan,nan,nan,nan,nan,nan,-2.046332046332044463e-02,nan,nan,nan,5.173745173745175618e-02,-1.621621621621618242e-02,nan,nan,-1.814671814671810907e-02,nan,-2.007722007722003571e-02,nan,nan,nan,-6.563706563706550937e-03,nan,nan,nan,nan,nan,nan,nan,nan,nan,nan,2.316602316602312146e-03,nan,nan,nan,nan,nan,nan,nan,nan,1.158301158301156073e-03,nan,nan,nan,nan,nan,nan,nan
nan,nan,3.321033210332102574e-03,nan,nan,nan,nan,nan,nan,nan,nan,nan,nan,nan,6.162361623616237349e-02,nan,nan,nan,nan,nan,nan,nan,nan,8.856088560885622477e-03,nan,nan,nan,-3.247232472324721592e-02,nan,1.476014760147603602e-03,nan,2.361623616236161599e-02,nan,nan,nan,nan,nan,-2.619926199261994951e-02,nan,nan,nan,nan,nan,2.324723247232472062e-02,nan,nan,nan,nan,-5.166051660516623664e-03,nan,nan,nan,nan,nan,nan,nan,nan,7.749077490774891261e-03,nan,nan,nan,nan,nan,nan,nan
nan,nan,7.547169811320753258e-04,nan,nan,nan,nan,nan,nan,nan,nan,nan,nan,nan,2.943396226415093825e-02,nan,nan,nan,nan,nan,nan,nan,nan,0.000000000000000000e+00,nan,nan,nan,-7.169811320754715216e-03,-8.301886792452828692e-03,nan,nan,-1.396226415094339347e-02,nan,nan,nan,nan,nan,3.773584905660376521e-03,nan,nan,nan,nan,nan,3.773584905660376629e-04,nan,nan,nan,nan,-4.150943396226414346e-03,nan,nan,nan,nan,nan,nan,nan,nan,1.509433962264150652e-03,nan,nan,nan,nan,nan,nan,nan
nan,nan,7.782101167315170001e-03,nan,nan,nan,nan,nan,nan,nan,nan,nan,nan,nan,1.400778210116735388e-02,nan,nan,nan,nan,nan,nan,nan,nan,-1.322957198443579577e-02,nan,nan,nan,-2.373540856031126564e-02,5.447470817120603215e-03,nan,nan,-3.891050583657573725e-03,nan,1.011673151750975760e-02,nan,nan,nan,1.167315175097276628e-02,nan,nan,nan,nan,nan,nan,nan,nan,nan,nan,-1.750972762645912686e-02,nan,nan,nan,nan,nan,nan,nan,nan,1.011673151750973679e-02,nan,nan,nan,nan,nan,nan,nan
nan,nan,2.256214149139577213e-02,nan,nan,nan,nan,nan,nan,nan,nan,nan,nan,nan,1.070745697896744418e-02,nan,nan,nan,nan,nan,nan,nan,nan,-1.873804971319312923e-02,nan,nan,nan,-7.648183556405396821e-03,1.491395793499041868e-02,nan,nan,1.529636711281068262e-02,nan,9.177820267686409225e-03,nan,nan,nan,1.338432122370933862e-02,nan,nan,nan,nan,nan,nan,nan,nan,nan,nan,3.059273422562114146e-03,nan,nan,nan,nan,nan,nan,nan,nan,5.736137667303986901e-03,nan,nan,nan,nan,nan,nan,nan
nan,nan,3.515625000000000087e-03,nan,nan,nan,nan,nan,nan,nan,nan,nan,nan,nan,8.203125000000000347e-03,nan,nan,nan,nan,nan,nan,nan,nan,8.593750000000000694e-03,nan,nan,nan,-4.687499999999999827e-03,-2.460937499999999931e-02,nan,nan,-1.171874999999999957e-03,nan,nan,nan,nan,nan,2.343749999999999913e-03,nan,nan,nan,nan,nan,-3.125000000000000173e-03,nan,nan,nan,nan,0.000000000000000000e+00,nan,nan,nan,nan,nan,nan,nan,nan,-3.906250000000000217e-04,nan,nan,nan,nan,nan,nan,nan
nan,nan,6.666666666666665360e-03,nan,nan,nan,nan,nan,nan,nan,nan,nan,nan,nan,-2.352941176470601907e-03,nan,nan,nan,nan,nan,nan,nan,nan,6.666666666666687044e-03,nan,nan,nan,-1.764705882352941499e-02,nan,nan,nan,1.960784313725487740e-02,nan,nan,nan,nan,nan,7.843137254901711092e-04,nan,nan,nan,nan,nan,2.588235294117648827e-02,1.568627450980386671e-03,nan,nan,nan,9.411764705882319157e-03,nan,nan,nan,nan,nan,nan,nan,nan,-4.313725490196063453e-03,nan,nan,nan,nan,nan,nan,nan
nan,nan,-2.729044834308025358e-03,nan,nan,nan,nan,nan,nan,nan,nan,nan,nan,nan,2.729044834307981122e-03,nan,nan,nan,nan,nan,nan,nan,nan,1.247563352826508432e-02,nan,nan,nan,-2.300194931773880125e-02,-2.339181286549709554e-02,nan,nan,-1.325536062378169719e-02,nan,nan,nan,nan,nan,1.403508771929822332e-02,nan,nan,nan,nan,nan,-2.729044834308047476e-03,nan,nan,nan,nan,7.407407407407373863e-03,nan,nan,nan,nan,nan,nan,nan,nan,-7.797270955165691792e-04,nan,nan,nan,nan,nan,nan,nan
nan,nan,-1.142857142857156604e-03,nan,nan,nan,nan,nan,nan,nan,nan,nan,nan,nan,3.923809523809518307e-02,nan,nan,nan,nan,nan,nan,nan,nan,1.295238095238089235e-02,nan,nan,nan,4.571428571428537077e-03,-1.142857142857147713e-02,nan,nan,-1.219047619047624112e-02,nan,-2.285714285714335325e-03,nan,nan,nan,-9.904761904761949162e-03,nan,nan,nan,nan,nan,nan,nan,nan,nan,nan,-1.142857142857149969e-02,nan,nan,nan,nan,nan,nan,nan,nan,-1.904761904761942490e-03,nan,nan,nan,nan,nan,nan,nan
nan,nan,2.266401590457263124e-02,nan,nan,nan,nan,nan,nan,nan,nan,nan,nan,nan,2.465208747514913146e-02,nan,nan,nan,nan,nan,nan,nan,nan,2.902584493041750896e-02,nan,nan,nan,4.453280318091452916e-02,-1.272365805168982310e-02,-3.578528827037730058e-03,nan,9.145129224652137276e-03,nan,nan,nan,nan,nan,-3.021868787276338342e-02,nan,nan,nan,nan,nan,nan,nan,nan,nan,nan,-1.510934393638165875e-02,nan,nan,nan,nan,nan,nan,nan,nan,1.033797216699805510e-02,nan,nan,nan,nan,nan,nan,nan
nan,nan,0.000000000000000000e+00,nan,nan,nan,nan,nan,nan,nan,nan,nan,nan,nan,1.094339622641509191e-01,nan,nan,nan,nan,nan,nan,nan,nan,7.169811320754715216e-03,nan,nan,nan,-1.132075471698112956e-02,1.584905660377358000e-02,7.547169811320753258e-04,nan,-1.698113207547169434e-02,nan,nan,nan,nan,nan,-9.811320754716978260e-03,nan,nan,nan,nan,nan,nan,nan,nan,nan,nan,1.320754716981131782e-02,nan,nan,nan,nan,nan,nan,nan,nan,1.169811320754716652e-02,nan,nan,nan,nan,nan,nan,nan
nan,nan,-9.448818897637822900e-03,nan,nan,nan,nan,nan,nan,nan,nan,nan,nan,nan,9.448818897637777797e-03,nan,nan,nan,nan,nan,nan,nan,nan,-1.732283464566935008e-02,nan,nan,nan,-2.244094488188983633e-02,-1.023622047244099331e-02,nan,nan,3.149606299212592744e-03,nan,-1.023622047244103841e-02,nan,nan,nan,-1.181102362204733414e-02,nan,nan,nan,nan,nan,nan,nan,nan,nan,nan,3.937007874015741038e-03,nan,nan,nan,nan,nan,nan,nan,nan,-5.905511811023634108e-03,nan,nan,nan,nan,nan,nan,nan
nan,nan,-1.389961389961387114e-02,nan,nan,nan,nan,nan,nan,nan,nan,nan,nan,nan,-1.544401544401541359e-03,nan,nan,nan,nan,nan,nan,nan,nan,-2.277992277992275591e-02,nan,nan,nan,-1.351351351351348651e-02,-2.162162162162157772e-02,nan,nan,-1.389961389961387114e-02,nan,4.633204633204624293e-03,nan,nan,nan,-3.088803088803082717e-03,nan,nan,nan,nan,nan,nan,nan,nan,nan,nan,1.274131274131273805e-02,nan,nan,nan,nan,nan,nan,nan,nan,-8.108108108108091211e-03,nan,nan,nan,nan,nan,nan,nan
nan,nan,-1.734104046242772659e-02,nan,nan,nan,nan,nan,nan,nan,nan,nan,nan,nan,8.554913294797687751e-02,nan,nan,nan,nan,nan,nan,nan,nan,-8.092485549132933526e-03,nan,nan,nan,-6.551059730250474375e-03,-1.040462427745665261e-02,1.040462427745663179e-02,nan,9.248554913294793067e-03,nan,nan,nan,nan,nan,3.082851637764938250e-03,nan,nan,nan,nan,nan,nan,nan,nan,nan,nan,-1.888246628131018401e-02,nan,nan,nan,nan,nan,nan,nan,nan,4.238921001926776108e-03,nan,nan,nan,nan,nan,nan,nan
nan,3.428571428571380690e-03,-1.447619047619048624e-02,nan,nan,nan,nan,nan,nan,nan,nan,nan,nan,nan,1.599999999999996911e-02,nan,nan,nan,nan,nan,nan,nan,nan,6.857142857142828167e-03,nan,nan,nan,-1.295238095238100337e-02,-2.133333333333338119e-02,nan,nan,-7.619047619047658940e-03,nan,nan,nan,nan,nan,-1.295238095238098255e-02,nan,nan,nan,nan,nan,nan,nan,nan,nan,nan,2.666666666666617138e-03,nan,nan,nan,nan,nan,nan,nan,nan,2.666666666666617138e-03,nan,nan,nan,nan,nan,nan,nan
nan,nan,1.930501930501926644e-03,nan,nan,nan,nan,nan,nan,nan,nan,nan,nan,nan,1.111969111969111912e-01,nan,nan,nan,nan,nan,nan,nan,nan,2.007722007722006000e-02,nan,nan,nan,-1.853281853281856309e-02,-2.162162162162162282e-02,nan,nan,1.158301158301156073e-03,nan,-5.830115830115831926e-02,nan,nan,nan,-9.652509652509633220e-03,nan,nan,nan,nan,nan,nan,nan,nan,nan,nan,-8.494208494208477581e-03,nan,nan,nan,nan,nan,nan,nan,nan,2.316602316602312146e-03,nan,nan,nan,nan,nan,nan,nan
nan,nan,2.205029013539654484e-02,nan,nan,nan,nan,nan,nan,nan,nan,nan,nan,nan,-9.671179883945857716e-03,nan,nan,nan,nan,nan,nan,nan,nan,2.321083172147009148e-03,nan,nan,nan,5.029013539651861105e-03,nan,5.802707930367523304e-03,nan,-2.707930367504829405e-03,nan,nan,nan,nan,nan,7.350096711798870253e-03,nan,nan,nan,nan,nan,1.624758220502904235e-02,nan,nan,nan,nan,1.547388781431335847e-02,nan,nan,nan,nan,nan,nan,nan,nan,7.350096711798847701e-03,nan,nan,nan,nan,nan,nan,nan
nan,nan,6.746031746031699514e-03,nan,nan,nan,nan,nan,nan,nan,nan,nan,nan,nan,5.039682539682532880e-02,nan,nan,nan,nan,nan,nan,nan,nan,3.492063492063483821e-02,nan,nan,nan,3.968253968253931604e-03,1.190476190476186247e-02,nan,nan,2.777777777777745791e-03,nan,nan,nan,nan,nan,7.539682539682512896e-03,nan,nan,nan,nan,nan,1.626984126984121204e-02,nan,nan,nan,nan,-3.968253968254042627e-03,nan,nan,nan,nan,nan,nan,nan,nan,-2.380952380952439280e-03,nan,nan,nan,nan,nan,nan,nan
nan,nan,1.267893660531693723e-02,nan,nan,nan,nan,nan,nan,nan,nan,nan,nan,nan,9.447852760736193123e-02,nan,nan,nan,nan,nan,nan,nan,nan,9.406952965235127612e-03,nan,nan,nan,-2.862985685071617239e-03,-1.226993865030712215e-03,3.680981595092003289e-03,nan,2.617586912065437282e-02,nan,nan,nan,nan,nan,2.044989775051098049e-03,nan,nan,nan,nan,nan,nan,nan,nan,nan,nan,4.907975460122671052e-03,nan,nan,nan,nan,nan,nan,nan,nan,1.022494887525560170e-02,nan,nan,nan,nan,nan,nan,nan
nan,nan,5.405405405405394430e-03,nan,nan,nan,nan,nan,nan,nan,nan,nan,nan,nan,1.335907335907335902e-01,nan,nan,nan,nan,nan,nan,nan,nan,9.343629343629347717e-02,nan,nan,nan,2.972972972972973832e-02,4.903474903474904639e-02,-2.316602316602312146e-03,nan,2.200772200772198664e-02,nan,nan,nan,nan,nan,5.405405405405394430e-03,nan,nan,nan,nan,nan,nan,nan,nan,nan,nan,1.544401544401541359e-03,nan,nan,nan,nan,nan,nan,nan,nan,5.405405405405394430e-03,nan,nan,nan,nan,nan,nan,nan
nan,nan,-1.052631578947365101e-02,nan,nan,nan,nan,nan,nan,nan,nan,nan,nan,nan,9.746588693957117244e-02,nan,nan,nan,nan,nan,nan,nan,nan,-7.797270955165469530e-04,nan,nan,nan,-3.625730994152043252e-02,2.768031189083821481e-02,-9.746588693957104060e-03,nan,-2.768031189083819399e-02,nan,nan,nan,nan,nan,-1.754385964912279564e-02,nan,nan,nan,nan,nan,nan,nan,nan,nan,nan,-2.495126705653018945e-02,nan,nan,nan,nan,nan,nan,nan,nan,7.797270955166135230e-04,nan,nan,nan,nan,nan,nan,nan
nan,nan,3.853564547206422722e-04,nan,nan,nan,nan,nan,nan,nan,nan,nan,nan,nan,2.196531791907516823e-02,nan,nan,nan,nan,nan,nan,nan,nan,1.001926782273605473e-02,nan,nan,nan,-4.354527938342964838e-02,-2.658959537572249537e-02,nan,nan,1.078998073217727303e-02,nan,-3.853564547206156550e-03,nan,nan,nan,5.009633911368038643e-03,nan,nan,nan,nan,nan,nan,nan,nan,nan,nan,-6.551059730250452691e-03,nan,nan,nan,nan,nan,nan,nan,nan,-2.697495183044251905e-03,nan,nan,nan,nan,nan,nan,nan
nan,-5.088062622309208471e-03,-2.348336594911981570e-03,nan,nan,nan,nan,nan,nan,nan,nan,nan,nan,nan,-1.722113502935422938e-02,nan,nan,nan,nan,nan,nan,nan,nan,-9.001956947162459768e-03,nan,nan,nan,-2.309197651663408291e-02,-9.393346379647792704e-03,nan,nan,-4.305283757338562549e-03,nan,nan,nan,nan,nan,-2.739726027397293255e-03,nan,nan,nan,nan,nan,nan,nan,nan,nan,nan,5.088062622309164236e-03,nan,nan,nan,nan,nan,nan,nan,nan,-1.956947162426647766e-03,nan,nan,nan,nan,nan,nan,nan
nan,nan,1.013133208255156958e-02,nan,nan,nan,nan,nan,nan,nan,nan,nan,nan,nan,-1.088180112570358293e-02,nan,nan,nan,nan,nan,nan,nan,nan,3.377110694183804631e-03,nan,nan,nan,-9.756097560975640973e-03,-1.200750469043154744e-02,nan,nan,-1.801125703564732117e-02,nan,-4.502814258911835496e-03,nan,nan,nan,-2.220446049250313204e-17,nan,nan,nan,nan,nan,nan,nan,nan,nan,nan,2.626641651031858069e-03,nan,nan,nan,nan,nan,nan,nan,nan,9.005628517823582521e-03,nan,nan,nan,nan,nan,nan,nan
nan,nan,-2.465753424657537302e-02,nan,nan,nan,nan,nan,nan,nan,nan,nan,nan,nan,7.827788649706434940e-03,nan,nan,nan,nan,nan,nan,nan,nan,1.487279843444222482e-02,nan,nan,nan,-2.544031311154602154e-02,-1.017612524461841694e-02,nan,nan,-1.565557729941313746e-03,nan,-1.409001956947164569e-02,nan,nan,nan,-9.001956947162482320e-03,nan,nan,nan,nan,nan,nan,nan,nan,nan,nan,-4.696673189823918904e-03,nan,nan,nan,nan,nan,nan,nan,nan,-3.913894324853251297e-03,nan,nan,nan,nan,nan,nan,nan
nan,nan,-2.556390977443614293e-02,nan,nan,nan,nan,nan,nan,nan,nan,nan,nan,nan,-2.142857142857146346e-02,nan,nan,nan,nan,nan,nan,nan,nan,3.759398496240540146e-03,nan,nan,nan,-1.127819548872221935e-03,nan,nan,nan,-8.646616541353435367e-03,nan,nan,nan,nan,nan,-6.390977443609080835e-03,nan,nan,nan,nan,nan,6.015037593984917663e-03,-1.127819548872221935e-03,nan,nan,nan,1.879699248120259014e-03,nan,nan,nan,nan,nan,nan,nan,nan,-7.142857142857184267e-03,nan,nan,nan,nan,nan,nan,nan
nan,nan,-9.961685823754829611e-03,nan,nan,nan,nan,nan,nan,nan,nan,nan,nan,nan,9.808429118773939748e-02,nan,nan,nan,nan,nan,nan,nan,nan,2.835249042145588858e-02,nan,nan,nan,-2.490421455938702719e-02,1.877394636015321597e-02,nan,nan,3.831417624521060890e-03,nan,4.597701149425215301e-03,nan,nan,nan,1.494252873563217676e-02,nan,nan,nan,nan,nan,nan,nan,nan,nan,nan,-4.597701149425326324e-03,nan,nan,nan,nan,nan,nan,nan,nan,-5.363984674329547522e-03,nan,nan,nan,nan,nan,nan,nan
nan,nan,3.186180422264874718e-02,nan,nan,nan,nan,nan,nan,nan,nan,nan,nan,nan,3.416506717850285174e-02,nan,nan,nan,nan,nan,nan,nan,nan,3.838771593090210821e-02,nan,nan,nan,9.596928982725506235e-03,1.497120921305177335e-02,7.293666026871359169e-03,nan,2.303262955854121913e-02,nan,nan,nan,nan,nan,2.264875239923220748e-02,nan,nan,nan,nan,nan,nan,nan,nan,nan,nan,3.838771593090095852e-04,nan,nan,nan,nan,nan,nan,nan,nan,3.838771593090184540e-03,nan,nan,nan,nan,nan,nan,nan
nan,nan,1.100196463654228365e-02,nan,nan,nan,nan,nan,nan,nan,nan,nan,nan,nan,3.654223968565821490e-02,nan,nan,nan,nan,nan,nan,nan,nan,-2.946954813359525804e-02,nan,nan,nan,-2.278978388998027446e-02,-1.493123772102156188e-02,-2.986247544204316887e-02,nan,7.072691552062937773e-03,nan,nan,nan,nan,nan,7.858546168958780234e-03,nan,nan,nan,nan,nan,nan,nan,nan,nan,nan,1.178781925343863656e-03,nan,nan,nan,nan,nan,nan,nan,nan,-2.750491159135526244e-03,nan,nan,nan,nan,nan,nan,nan
nan,nan,-7.662835249042209817e-04,nan,nan,nan,nan,nan,nan,nan,nan,nan,nan,nan,1.187739463601532597e-01,nan,nan,nan,nan,nan,nan,nan,nan,-1.417624521072797725e-02,nan,nan,nan,4.980842911877369703e-03,-1.532567049808441963e-03,-3.831417624521083008e-03,nan,2.107279693486587696e-02,nan,nan,nan,nan,nan,-1.494252873563222186e-02,nan,nan,nan,nan,nan,nan,nan,nan,nan,nan,5.363984674329480735e-03,nan,nan,nan,nan,nan,nan,nan,nan,6.896551724137900581e-03,nan,nan,nan,nan,nan,nan,nan
nan,-6.415094339622640432e-03,-1.471698113207546912e-02,nan,nan,nan,nan,nan,nan,nan,nan,nan,nan,nan,-4.150943396226414346e-03,nan,nan,nan,nan,nan,nan,nan,nan,-1.735849056603773130e-02,nan,nan,nan,-2.037735849056603391e-02,-1.924528301886791956e-02,nan,nan,-1.584905660377358000e-02,nan,nan,nan,nan,nan,-1.132075471698112956e-02,nan,nan,nan,nan,nan,nan,nan,nan,nan,nan,1.018867924528301695e-02,nan,nan,nan,nan,nan,nan,nan,nan,7.547169811320753258e-04,nan,nan,nan,nan,nan,nan,nan
nan,nan,6.525911708253407002e-03,nan,nan,nan,nan,nan,nan,nan,nan,nan,nan,nan,7.523992322456814208e-02,nan,nan,nan,nan,nan,nan,nan,nan,-7.677543186180413315e-03,nan,nan,nan,-7.293666026871381720e-03,-9.596928982725506235e-03,nan,nan,-3.032629558541266590e-02,nan,1.919385796545114388e-03,nan,nan,nan,5.374280230326311351e-03,nan,nan,nan,nan,nan,nan,nan,nan,nan,nan,7.293666026871425956e-03,nan,nan,nan,nan,nan,nan,nan,nan,5.374280230326311351e-03,nan,nan,nan,nan,nan,nan,nan
nan,nan,-1.698841698841700026e-02,nan,nan,nan,nan,nan,nan,nan,nan,nan,nan,nan,9.652509652509651261e-02,nan,nan,nan,nan,nan,nan,nan,nan,4.247104247104238790e-03,nan,nan,nan,3.861003861003853396e-04,-1.274131274131273805e-02,4.247104247104238790e-03,nan,1.544401544401541315e-02,nan,nan,nan,nan,nan,2.316602316602312146e-03,nan,nan,nan,nan,nan,nan,nan,nan,nan,nan,-1.930501930501926644e-03,nan,nan,nan,nan,nan,nan,nan,nan,1.158301158301156073e-03,nan,nan,nan,nan,nan,nan,nan
nan,nan,-1.219047619047617347e-02,nan,nan,nan,nan,nan,nan,nan,nan,nan,nan,nan,7.580952380952384051e-02,nan,nan,nan,nan,nan,nan,nan,nan,1.904761904761909097e-02,nan,nan,nan,4.952380952380997133e-03,6.095238095238109284e-03,2.666666666666706043e-03,nan,7.238095238095243120e-03,nan,nan,nan,nan,nan,-4.571428571428559628e-03,nan,nan,nan,nan,nan,nan,nan,nan,nan,nan,5.714285714285738567e-03,nan,nan,nan,nan,nan,nan,nan,nan,-9.523809523809512526e-03,nan,nan,nan,nan,nan,nan,nan
nan,nan,-9.177820267686421368e-03,nan,nan,nan,nan,nan,nan,nan,nan,nan,nan,nan,1.196940726577437886e-01,nan,nan,nan,nan,nan,nan,nan,nan,-4.206500956022973629e-03,nan,nan,nan,-1.453154875717021025e-02,-1.950286806883366753e-02,nan,nan,-6.500956022944548614e-03,nan,-1.147227533460802931e-02,nan,nan,nan,-3.441682600382423192e-03,nan,nan,nan,nan,nan,nan,nan,nan,nan,nan,-3.824091778202687135e-03,nan,nan,nan,nan,nan,nan,nan,nan,-9.560229445506728679e-03,nan,nan,nan,nan,nan,nan,nan
nan,nan,6.130268199233656831e-03,nan,nan,nan,nan,nan,nan,nan,nan,nan,nan,nan,1.107279693486589583e-01,nan,nan,nan,nan,nan,nan,nan,nan,1.302681992337160165e-02,nan,nan,nan,-4.252873563218395603e-02,nan,1.915708812260485993e-03,nan,9.195402298850519074e-03,nan,nan,nan,nan,nan,-1.532567049808437540e-02,nan,nan,nan,nan,nan,nan,7.279693486589966511e-03,nan,nan,nan,-1.226053639846749234e-02,nan,nan,nan,nan,nan,nan,nan,nan,9.961685823754739405e-03,nan,nan,nan,nan,nan,nan,nan
nan,nan,7.547169811320753258e-04,nan,nan,nan,nan,nan,nan,nan,nan,nan,nan,nan,3.773584905660376629e-04,nan,nan,nan,nan,nan,nan,nan,nan,-1.207547169811320521e-02,nan,nan,nan,-1.698113207547169434e-02,-2.490566037735848434e-02,-1.207547169811320521e-02,nan,1.924528301886791956e-02,nan,nan,nan,nan,nan,-1.358490566037735478e-02,nan,nan,nan,nan,nan,nan,nan,nan,nan,nan,1.169811320754716652e-02,nan,nan,nan,nan,nan,nan,nan,nan,2.641509433962263478e-03,nan,nan,nan,nan,nan,nan,nan
nan,nan,8.695652173913038380e-03,nan,nan,nan,nan,nan,nan,nan,nan,nan,nan,nan,2.570888468809071764e-02,nan,nan,nan,nan,nan,nan,nan,nan,9.073724007561434143e-03,nan,nan,nan,-1.247637051039698387e-02,-1.928166351606808160e-02,1.890359168241984023e-03,nan,-6.805293005671097725e-03,nan,nan,nan,nan,nan,-4.536862003780739623e-03,nan,nan,nan,nan,nan,nan,nan,nan,nan,nan,1.134215500945168209e-03,nan,nan,nan,nan,nan,nan,nan,nan,9.073724007561411592e-03,nan,nan,nan,nan,nan,nan,nan
nan,nan,-1.464354527938340790e-02,nan,nan,nan,nan,nan,nan,nan,nan,nan,nan,nan,9.942196531791910874e-02,nan,nan,nan,nan,nan,nan,nan,nan,-4.238921001926754424e-03,nan,nan,nan,-2.504816955684006224e-02,-3.468208092485549482e-02,-6.936416184971072249e-03,nan,2.427745664739884221e-02,nan,nan,nan,nan,nan,-1.310211946050094875e-02,nan,nan,nan,nan,nan,nan,nan,nan,nan,nan,-6.165703275529832265e-03,nan,nan,nan,nan,nan,nan,nan,nan,7.321772639691715226e-03,nan,nan,nan,nan,nan,nan,nan
nan,nan,-3.745318352059934458e-04,nan,nan,nan,nan,nan,nan,nan,nan,nan,nan,nan,2.209737827715361341e-02,nan,nan,nan,nan,nan,nan,nan,nan,-3.370786516853918786e-03,nan,nan,nan,8.614232209737848062e-03,-1.123595505617973681e-02,-3.745318352059934458e-04,nan,8.614232209737848062e-03,nan,nan,nan,nan,nan,-1.123595505617971425e-02,nan,nan,nan,nan,nan,nan,nan,nan,nan,nan,1.123595505617980272e-02,nan,nan,nan,nan,nan,nan,nan,nan,1.123595505617980272e-02,nan,nan,nan,nan,nan,nan,nan
nan,nan,2.235067437379578692e-02,nan,nan,nan,nan,nan,nan,nan,nan,nan,nan,nan,1.310211946050097130e-02,nan,nan,nan,nan,nan,nan,nan,nan,-2.312138728323676149e-03,nan,nan,nan,-1.464354527938338535e-02,-1.310211946050090538e-02,nan,nan,1.348747591522161428e-02,nan,4.624277456647419085e-03,nan,nan,nan,2.157996146435454607e-02,nan,nan,nan,nan,nan,nan,nan,nan,nan,nan,8.092485549132976894e-03,nan,nan,nan,nan,nan,nan,nan,nan,-1.156069364161815740e-03,nan,nan,nan,nan,nan,nan,nan
nan,nan,-5.870841487279810159e-03,nan,nan,nan,nan,nan,nan,nan,nan,nan,nan,nan,1.076320939334638460e-01,nan,nan,nan,nan,nan,nan,nan,nan,4.305283757338562549e-03,nan,nan,nan,-1.095890410958899608e-02,-5.088062622309185920e-03,nan,nan,-1.917808219178078824e-02,nan,-3.913894324853206194e-03,nan,nan,nan,-7.827788649706235880e-04,nan,nan,nan,nan,nan,nan,nan,nan,nan,nan,-9.784735812133016353e-03,nan,nan,nan,nan,nan,nan,nan,nan,-1.174168297455935274e-03,nan,nan,nan,nan,nan,nan,nan
nan,nan,8.076923076923115188e-03,nan,nan,nan,nan,nan,nan,nan,nan,nan,nan,nan,9.576923076923078704e-02,nan,nan,nan,nan,nan,nan,nan,nan,8.461538461538475192e-03,nan,nan,nan,1.230769230769233023e-02,1.384615384615386392e-02,-1.692307692307688446e-02,nan,-7.692307692307442935e-04,nan,nan,nan,nan,nan,1.115384615384615828e-02,nan,nan,nan,nan,nan,nan,nan,nan,nan,nan,-1.538461538461533039e-03,nan,nan,nan,nan,nan,nan,nan,nan,5.769230769230792970e-03,nan,nan,nan,nan,nan,nan,nan
nan,nan,-1.050583657587544906e-02,nan,nan,nan,nan,nan,nan,nan,nan,nan,nan,nan,3.618677042801556748e-02,nan,nan,nan,nan,nan,nan,nan,nan,-2.334630350194553255e-02,nan,nan,nan,-9.338521400778176940e-03,-1.867704280155641980e-02,-5.836575875486383139e-03,nan,1.712062256809339031e-02,nan,nan,nan,nan,nan,-1.712062256809339031e-02,nan,nan,nan,nan,nan,nan,nan,nan,nan,nan,3.501945525291816352e-03,nan,nan,nan,nan,nan,nan,nan,nan,5.836575875486360587e-03,nan,nan,nan,nan,nan,nan,nan
nan,nan,1.060903732809426181e-02,nan,nan,nan,nan,nan,nan,nan,nan,nan,nan,nan,5.304518664047146170e-02,nan,nan,nan,nan,nan,nan,nan,nan,2.239685658153238793e-02,nan,nan,nan,-2.357563850687638407e-03,-9.037328094302599438e-03,nan,nan,-2.750491159135593031e-03,nan,-7.465618860510825176e-03,nan,nan,nan,-2.220446049250313204e-17,nan,nan,nan,nan,nan,nan,nan,nan,nan,nan,3.929273084479323439e-04,nan,nan,nan,nan,nan,nan,nan,nan,3.143418467583480869e-03,nan,nan,nan,nan,nan,nan,nan
nan,nan,3.710575139146632612e-04,nan,nan,nan,nan,nan,nan,nan,nan,nan,nan,nan,7.309833024118736478e-02,nan,nan,nan,nan,nan,nan,nan,nan,-1.335807050092763237e-02,nan,nan,nan,-1.595547309833023064e-02,3.710575139146632612e-04,-2.337662337662338441e-02,nan,-2.337662337662336359e-02,nan,nan,nan,nan,nan,4.081632653061229195e-03,nan,nan,nan,nan,nan,nan,nan,nan,nan,nan,7.792207792207794803e-03,nan,nan,nan,nan,nan,nan,nan,nan,1.595547309833027574e-02,nan,nan,nan,nan,nan,nan,nan
nan,nan,-1.142857142857178722e-03,nan,nan,nan,nan,nan,nan,nan,nan,nan,nan,nan,1.074285714285714011e-01,nan,nan,nan,nan,nan,nan,nan,nan,-6.019047619047619702e-02,nan,nan,nan,-1.676190476190477646e-02,-2.857142857142860176e-02,-1.523809523809549439e-03,nan,1.904761904761875704e-03,nan,nan,nan,nan,nan,-1.942857142857146169e-02,nan,nan,nan,nan,nan,nan,nan,nan,nan,nan,-1.333333333333335327e-02,nan,nan,nan,nan,nan,nan,nan,nan,-5.714285714285760251e-03,nan,nan,nan,nan,nan,nan,nan
nan,nan,1.368821292775661627e-02,nan,nan,nan,nan,nan,nan,nan,nan,nan,nan,nan,1.520912547528512418e-02,nan,nan,nan,nan,nan,nan,nan,nan,1.368821292775661627e-02,nan,nan,nan,-1.444866920152096910e-02,-2.281368821292817373e-03,nan,nan,-1.977186311787075892e-02,nan,1.520912547528463455e-03,nan,nan,nan,-7.604562737642872388e-04,nan,nan,nan,nan,nan,nan,nan,nan,nan,nan,2.661596958174849807e-03,nan,nan,nan,nan,nan,nan,nan,nan,1.140684410646342116e-03,nan,nan,nan,nan,nan,nan,nan
nan,nan,1.647058823529410493e-02,nan,nan,nan,nan,nan,nan,nan,nan,nan,nan,nan,9.529411764705882082e-02,nan,nan,nan,nan,nan,nan,nan,nan,1.411764705882352297e-02,nan,nan,nan,-7.843137254901955471e-03,-5.098039215686278255e-03,nan,nan,2.705882352941175670e-02,nan,1.686274509803922100e-02,nan,nan,nan,2.392156862745098422e-02,nan,nan,nan,nan,nan,nan,nan,nan,nan,nan,-4.705882352941159578e-03,nan,nan,nan,nan,nan,nan,nan,nan,9.019607843137267267e-03,nan,nan,nan,nan,nan,nan,nan
nan,nan,-1.912045889101299332e-03,nan,nan,nan,nan,nan,nan,nan,nan,nan,nan,nan,1.181644359464627536e-01,nan,nan,nan,nan,nan,nan,nan,nan,-2.065009560229442639e-02,nan,nan,nan,-1.988527724665389851e-02,-1.567877629063092401e-02,-2.791586998087949162e-02,nan,2.791586998087960264e-02,nan,nan,nan,nan,nan,-1.606118546845116540e-02,nan,nan,nan,nan,nan,nan,nan,nan,nan,nan,-7.265774378585043540e-03,nan,nan,nan,nan,nan,nan,nan,nan,-1.261950286806878818e-02,nan,nan,nan,nan,nan,nan,nan
nan,nan,-1.009345794392522110e-02,nan,nan,nan,nan,nan,nan,nan,nan,nan,nan,nan,1.312149532710281119e-01,nan,nan,nan,nan,nan,nan,nan,nan,8.598130841121532503e-03,nan,nan,nan,-3.738317757009323831e-03,-2.766355140186913669e-02,-9.345794392523365524e-03,nan,-1.495327102803734043e-02,nan,nan,nan,nan,nan,-2.242990654205567584e-03,nan,nan,nan,nan,nan,nan,nan,nan,nan,nan,-3.738317757009390618e-04,nan,nan,nan,nan,nan,nan,nan,nan,2.990654205607490377e-03,nan,nan,nan,nan,nan,nan,nan
nan,nan,3.529411764705869901e-03,nan,nan,nan,nan,nan,nan,nan,nan,nan,nan,nan,-1.568627450980391094e-02,nan,nan,nan,nan,nan,nan,nan,nan,-4.039215686274508915e-02,nan,nan,nan,1.372549019607842771e-02,-3.882352941176470118e-02,nan,nan,-5.882352941176449690e-03,nan,nan,nan,nan,nan,-1.176470588235289895e-03,nan,nan,nan,nan,nan,-7.450980392156858478e-03,nan,nan,nan,nan,5.098039215686256571e-03,nan,nan,nan,nan,nan,nan,nan,nan,-1.176470588235289895e-03,nan,nan,nan,nan,nan,nan,nan
nan,nan,2.395209580838342407e-03,nan,nan,nan,nan,nan,nan,nan,nan,nan,nan,nan,3.433133732534934118e-02,nan,nan,nan,nan,nan,nan,nan,nan,6.267465069860281290e-02,nan,nan,nan,9.181636726546926752e-03,nan,7.185628742515004670e-03,nan,5.189620758483060037e-03,nan,nan,nan,nan,nan,1.596806387225568977e-03,nan,nan,nan,nan,nan,nan,9.181636726546926752e-03,nan,nan,nan,2.794411177644740181e-03,nan,nan,nan,nan,nan,nan,nan,nan,-3.592814371257446824e-03,nan,nan,nan,nan,nan,nan,nan
nan,nan,8.076923076923047534e-03,nan,nan,nan,nan,nan,nan,nan,nan,nan,nan,nan,1.346153846153843626e-02,nan,nan,nan,nan,nan,nan,nan,nan,-5.653846153846155825e-02,nan,nan,nan,-2.307692307692343903e-03,-2.115384615384618971e-02,nan,nan,-1.153846153846171951e-03,nan,6.538461538461493028e-03,nan,nan,nan,3.846153846153832598e-04,nan,nan,nan,nan,nan,nan,nan,nan,nan,nan,-7.307692307692348344e-03,nan,nan,nan,nan,nan,nan,nan,nan,6.923076923076898134e-03,nan,nan,nan,nan,nan,nan,nan
nan,-8.598130841121442297e-03,-2.728971962616817334e-02,nan,nan,nan,nan,nan,nan,nan,nan,nan,nan,nan,2.542056074766361334e-02,nan,nan,nan,nan,nan,nan,nan,nan,1.121495327102808338e-02,nan,nan,nan,-2.205607476635511668e-02,1.233644859813087802e-02,nan,nan,2.953271028037389792e-02,nan,nan,nan,nan,nan,-1.121495327102801573e-02,nan,nan,nan,nan,nan,nan,nan,nan,nan,nan,1.158878504672899989e-02,nan,nan,nan,nan,nan,nan,nan,nan,1.121495327102861638e-03,nan,nan,nan,nan,nan,nan,nan
nan,nan,1.603053435114507735e-02,nan,nan,nan,nan,nan,nan,nan,nan,nan,nan,nan,1.312977099236641576e-01,nan,nan,nan,nan,nan,nan,nan,nan,1.984732824427486511e-02,nan,nan,nan,1.526717557251977553e-03,-1.106870229007628215e-02,nan,nan,-3.053435114503777296e-03,nan,nan,nan,nan,nan,-7.633587786259222064e-04,nan,nan,nan,nan,nan,nan,nan,nan,nan,nan,3.053435114503844083e-03,nan,nan,nan,nan,nan,nan,nan,nan,1.030534351145044950e-02,-1.145038167938872142e-03,nan,nan,nan,nan,nan,nan
nan,nan,3.831417624521016221e-03,nan,nan,nan,nan,nan,nan,nan,nan,nan,nan,nan,3.716475095785438942e-02,nan,nan,nan,nan,nan,nan,nan,nan,3.639846743295016562e-02,nan,nan,nan,3.026819923371642032e-02,1.455938697318004404e-02,6.513409961685767864e-03,nan,1.264367816091951403e-02,nan,nan,nan,nan,nan,8.812260536398408908e-03,nan,nan,nan,nan,nan,nan,nan,nan,nan,nan,3.831417624521060890e-03,nan,nan,nan,nan,nan,nan,nan,nan,1.072796934865898402e-02,nan,nan,nan,nan,nan,nan,nan
nan,nan,-9.811320754716978260e-03,nan,nan,nan,nan,nan,nan,nan,nan,nan,nan,nan,1.773584905660376826e-02,nan,nan,nan,nan,nan,nan,nan,nan,-2.415094339622641043e-02,nan,nan,nan,-7.169811320754715216e-03,-1.245283018867924217e-02,nan,nan,2.716981132075470956e-02,nan,-1.433962264150943043e-02,nan,nan,nan,5.283018867924526955e-03,nan,nan,nan,nan,nan,nan,nan,nan,nan,nan,-1.132075471698113043e-03,nan,nan,nan,nan,nan,nan,nan,nan,4.905660377358489130e-03,nan,nan,nan,nan,nan,nan,nan
nan,-4.452830188679244433e-02,-3.018867924528301303e-03,nan,nan,nan,nan,nan,nan,nan,nan,nan,nan,nan,4.679245283018866608e-02,nan,nan,nan,nan,nan,nan,nan,nan,1.358490566037735478e-02,nan,nan,nan,-1.735849056603773130e-02,1.283018867924528086e-02,nan,nan,1.358490566037735478e-02,nan,nan,nan,nan,nan,-1.169811320754716652e-02,nan,nan,nan,nan,nan,nan,nan,nan,nan,nan,9.433962264150941301e-03,nan,nan,nan,nan,nan,nan,nan,nan,5.283018867924526955e-03,nan,nan,nan,nan,nan,nan,nan
nan,nan,1.716566866267463937e-02,nan,nan,nan,nan,nan,nan,nan,nan,nan,nan,nan,5.149700598802393892e-02,nan,nan,nan,nan,nan,nan,nan,nan,4.950099800399201250e-02,nan,nan,nan,4.391217564870264489e-03,7.185628742514960435e-03,-7.984031936127955476e-04,nan,1.876247504990018536e-02,nan,nan,nan,nan,nan,-2.195608782435130163e-02,nan,nan,nan,nan,nan,nan,nan,nan,nan,nan,8.383233532934108653e-03,nan,nan,nan,nan,nan,nan,nan,nan,-3.992015968063977738e-04,nan,nan,nan,nan,nan,nan,nan
nan,nan,8.088235294117729346e-03,nan,nan,nan,nan,nan,nan,nan,nan,nan,nan,nan,8.455882352941234900e-03,nan,nan,nan,nan,nan,nan,nan,nan,-5.882352941176405454e-03,nan,nan,nan,6.985294117647145029e-03,-9.926470588235258852e-03,nan,nan,1.433823529411770714e-02,nan,-6.249999999999955244e-03,nan,nan,nan,-1.470588235294067970e-03,nan,nan,nan,nan,nan,nan,nan,nan,nan,nan,1.838235294117707098e-03,nan,nan,nan,nan,nan,nan,nan,nan,5.147058823529504501e-03,nan,nan,nan,nan,nan,nan,nan
nan,nan,1.038461538461534807e-02,nan,nan,nan,nan,nan,nan,nan,nan,nan,nan,nan,9.230769230769198669e-03,nan,nan,nan,nan,nan,nan,nan,nan,2.269230769230767830e-02,nan,nan,nan,-4.807692307692310735e-02,-1.115384615384620338e-02,nan,nan,-6.153846153846176392e-03,nan,1.269230769230764687e-02,nan,nan,nan,7.692307692307665196e-04,nan,nan,nan,nan,nan,nan,nan,nan,nan,nan,5.384615384615365312e-03,nan,nan,nan,nan,nan,nan,nan,nan,1.538461538461533039e-03,nan,nan,nan,nan,nan,nan,nan
nan,nan,-2.386363636363637505e-02,nan,nan,nan,nan,nan,nan,nan,nan,nan,nan,nan,-5.681818181818209731e-03,nan,nan,nan,nan,nan,nan,nan,nan,-1.477272727272731581e-02,nan,nan,nan,-2.045454545454548217e-02,-1.136363636363635354e-02,nan,nan,-1.136363636363635354e-02,nan,-3.409090909090895048e-03,nan,nan,nan,-8.712121212121216179e-03,nan,nan,nan,nan,nan,nan,nan,nan,nan,nan,-1.893939393939403316e-03,nan,nan,nan,nan,nan,nan,nan,nan,3.787878787878806632e-03,nan,nan,nan,nan,nan,nan,nan
nan,3.550295857988183725e-03,4.339250493096647072e-03,nan,nan,nan,nan,nan,nan,nan,nan,nan,nan,nan,4.260355029585796011e-02,nan,nan,nan,nan,nan,nan,nan,nan,-4.733727810650889371e-03,nan,nan,nan,-6.311637080867837750e-03,-5.522682445759397388e-03,nan,nan,7.889546351084807813e-03,nan,nan,nan,nan,nan,-1.499013806706113103e-02,nan,nan,nan,nan,nan,nan,nan,nan,nan,nan,9.467455621301756191e-03,nan,nan,nan,nan,nan,nan,nan,nan,-1.972386587771213229e-03,nan,nan,nan,nan,nan,nan,nan
nan,-1.532258064516132078e-02,4.435483870967704689e-03,nan,nan,nan,nan,nan,nan,nan,nan,nan,nan,nan,1.028225806451612545e-01,nan,nan,nan,nan,nan,nan,nan,nan,4.435483870967727241e-03,nan,nan,nan,-3.225806451612907300e-02,-3.629032258064524095e-03,nan,nan,-1.290322580645164585e-02,nan,nan,nan,nan,nan,-5.645161290322597662e-03,nan,nan,nan,nan,nan,nan,nan,nan,nan,nan,-9.274193548387122191e-03,nan,nan,nan,nan,nan,nan,nan,nan,4.032258064516081215e-03,nan,nan,nan,nan,nan,nan,nan
nan,nan,4.696673189823852117e-03,nan,nan,nan,nan,nan,nan,nan,nan,nan,nan,nan,6.379647749510759802e-02,nan,nan,nan,nan,nan,nan,nan,nan,8.610567514677081730e-03,nan,nan,nan,1.565557729941247176e-03,-9.393346379647771888e-03,8.610567514677059178e-03,nan,2.739726027397226902e-03,nan,nan,nan,nan,nan,-3.913894324853339659e-04,nan,nan,nan,nan,nan,nan,nan,nan,nan,nan,3.522504892367872391e-03,nan,nan,nan,nan,nan,nan,nan,nan,-4.696673189823918904e-03,nan,nan,nan,nan,nan,nan,nan
nan,nan,1.984732824427475409e-02,nan,nan,nan,nan,nan,nan,nan,nan,nan,nan,nan,6.488549618320571533e-03,nan,nan,nan,nan,nan,nan,nan,nan,3.396946564885490460e-02,nan,nan,nan,6.488549618320571533e-03,1.145038167938925398e-02,-6.106870229007710718e-03,nan,4.885496183206101961e-02,nan,nan,nan,nan,nan,1.030534351145033847e-02,nan,nan,nan,nan,nan,nan,nan,nan,nan,nan,-6.870229007633632708e-03,nan,nan,nan,nan,nan,nan,nan,nan,1.526717557251904347e-02,nan,nan,nan,nan,nan,nan,nan
nan,nan,-4.222648752399216568e-03,nan,nan,nan,nan,nan,nan,nan,nan,nan,nan,nan,8.829174664107489190e-02,nan,nan,nan,nan,nan,nan,nan,nan,-1.765834932821495201e-02,nan,nan,nan,-4.606525911708248162e-03,-3.838771593090184540e-03,nan,nan,-8.445297504798453953e-03,nan,-1.458733205374278599e-02,nan,nan,nan,-6.142034548944308621e-03,nan,nan,nan,nan,nan,nan,nan,nan,nan,nan,-3.071017274472143035e-03,nan,nan,nan,nan,nan,nan,nan,nan,1.535508637236127029e-03,nan,nan,nan,nan,nan,nan,nan
